#donor	receptor	nb	sum	mean	std	older,younger	score
15	14	6	4.634	0.772333333333	0.0311804782231	21,14 4.634
AGAMB	14	40	32.176	0.8044	0.059955316695	15,14 32.176
AMINI	AMACU	2	1.416	0.708	0.0	16,AMACU 1.416
ACULI	AMACU	2	1.754	0.877	0.0	16,AMACU 1.754
ACULI	AMELA	2	1.662	0.831	0.0	16,AMELA 1.662
ACULI	AARAB	2	1.538	0.769	0.0	16,AARAB 1.538
21	AMELA	6	4.574	0.762333333333	0.0359660333587	23,AMELA 4.574
ASTEI	AEPIR	2	1.632	0.816	0.0	20,AEPIR 1.632
AARAB	AMERU	24	20.636	0.859833333333	0.085355954033	14,AMERU 20.636
21	AQUAD	46	36.716	0.798173913043	0.0452381641248	23,AQUAD 36.716
ACHRI	ASTEI	2	1.554	0.777	0.0	23,ASTEI 1.554
ACHRI	24	138	104.856	0.759826086957	0.0339969975323	23,24 104.856
AFUNE	AEPIR	2	1.552	0.776	0.0	17,AEPIR 1.552
AMELA	15	28	22.278	0.795642857143	0.0731013065575	18,15 22.278
ACOLU	AMELA	28	22.622	0.807928571429	0.0617234202896	15,AMELA 22.622
ACOLU	AARAB	386	314.808	0.815564766839	0.0604909722385	15,AARAB 314.808
ACOLU	AEPIR	2	1.952	0.976	0.0	15,AEPIR 1.952
AQUAD	AMERU	68	55.798	0.820558823529	0.0773103718696	14,AMERU 55.798
ACULI	25	2	1.424	0.712	0.0	16,25 1.424
ASTES	17	2	1.55	0.775	0.0	20,17 1.55
AGAMB	AARAB	430	354.962	0.825493023256	0.0621914426004	15,AARAB 354.962
14	AGAMB	30	24.01	0.800333333333	0.0531396483073	18,AGAMB 24.01
ASTES	AMINI	2	1.624	0.812	0.0	20,AMINI 1.624
AGAMB	AMELA	20	16.374	0.8187	0.061589041233	15,AMELA 16.374
AGAMB	18	6	4.486	0.747666666667	0.0262466929134	15,18 4.486
AARAB	AEPIR	2	1.498	0.749	0.0	14,AEPIR 1.498
AMELA	AMACU	2	1.416	0.708	0.0	18,AMACU 1.416
AMINI	AEPIR	2	1.802	0.901	0.0	16,AEPIR 1.802
ACOLU	AQUAD	48	39.758	0.828291666667	0.0495020867966	15,AQUAD 39.758
ACULI	22	4	3.224	0.806	0.089	16,22 3.224
AQUAD	AGAMB	202	162.27	0.803316831683	0.0647806551453	14,AGAMB 162.27
ACULI	ACOLU	2	1.5	0.75	0.0	16,ACOLU 1.5
AMERU	ACOLU	2	1.51	0.755	0.0	19,ACOLU 1.51
AMACU	ACULI	2	1.582	0.791	0.0	22,ACULI 1.582
ASTEI	ACHRI	2	1.662	0.831	0.0	20,ACHRI 1.662
ACOLU	AMACU	2	1.584	0.792	0.0	15,AMACU 1.584
AFUNE	ACHRI	2	1.564	0.782	0.0	17,ACHRI 1.564
ASTEI	AMINI	2	1.522	0.761	0.0	20,AMINI 1.522
ASTES	AQUAD	2	1.468	0.734	0.0	20,AQUAD 1.468
AMELA	AMERU	2	1.642	0.821	0.0	18,AMERU 1.642
ASTEI	AQUAD	2	1.532	0.766	0.0	20,AQUAD 1.532
AGAMB	AMERU	16	12.664	0.7915	0.0662740522377	15,AMERU 12.664
21	AARAB	26	20.514	0.789	0.0503082804012	23,AARAB 20.514
20	19	6	4.696	0.782666666667	0.0563106463192	22,19 4.696
15	AQUAD	20	15.282	0.7641	0.0313670208978	21,AQUAD 15.282
AEPIR	AFUNE	2	1.488	0.744	0.0	25,AFUNE 1.488
AGAMB	AEPIR	2	1.446	0.723	0.0	15,AEPIR 1.446
AMELA	ACHRI	2	1.468	0.734	0.0	18,ACHRI 1.468
AQUAD	15	474	414.402	0.874265822785	0.0795150982973	14,15 414.402
AMELA	AGAMB	34	27.204	0.800117647059	0.0721932719311	18,AGAMB 27.204
AFUNE	AMACU	2	1.408	0.704	0.0	17,AMACU 1.408
21	14	22	16.81	0.764090909091	0.0462158071059	23,14 16.81
AMERU	AQUAD	12	9.182	0.765166666667	0.0520365790147	19,AQUAD 9.182
AQUAD	ACOLU	122	100.042	0.820016393443	0.0632899887982	14,ACOLU 100.042
ACOLU	14	52	41.802	0.803884615385	0.0544838204093	15,14 41.802
14	15	108	90.082	0.834092592593	0.0623568786542	18,15 90.082
AARAB	15	1852	1643.896	0.887632829374	0.0816187679709	14,15 1643.896
AMELA	ACOLU	34	26.848	0.789647058824	0.0676147749051	18,ACOLU 26.848
AMINI	AFUNE	4	3.252	0.813	0.085	16,AFUNE 3.252
AMINI	ASTEI	2	1.574	0.787	0.0	16,ASTEI 1.574
AARAB	AGAMB	400	327.748	0.81937	0.0677732476719	14,AGAMB 327.748
AGAMB	AQUAD	76	60.66	0.798157894737	0.060408925062	15,AQUAD 60.66
21	24	2	1.42	0.71	0.0	23,24 1.42
ACOLU	AMERU	12	9.382	0.781833333333	0.0517990240148	15,AMERU 9.382
AMERU	AGAMB	2	1.406	0.703	0.0	19,AGAMB 1.406
15	AARAB	56	44.49	0.794464285714	0.0587552320727	21,AARAB 44.49
ASTEI	AMACU	8	7.346	0.91825	0.0424109360896	20,AMACU 7.346
AFUNE	AARAB	2	1.508	0.754	0.0	17,AARAB 1.508
ACHRI	AMACU	4	3.34	0.835	0.031	23,AMACU 3.34
15	AMELA	2	1.722	0.861	0.0	21,AMELA 1.722
ASTES	AMACU	2	1.976	0.988	0.0	20,AMACU 1.976
AFUNE	16	2	1.59	0.795	0.0	17,16 1.59
AQUAD	AMELA	2	1.594	0.797	0.0	14,AMELA 1.594
14	ACOLU	12	9.936	0.828	0.0438482230731	18,ACOLU 9.936
AMACU	16	4	3.224	0.806	0.053	22,16 3.224
AFUNE	ASTEI	2	1.628	0.814	0.0	17,ASTEI 1.628
AMELA	24	2	1.404	0.702	0.0	18,24 1.404
ACOLU	18	6	4.722	0.787	0.044639295096	15,18 4.722
AMINI	20	2	1.404	0.702	0.0	16,20 1.404
ACHRI	17	2	1.612	0.806	0.0	23,17 1.612
AARAB	ACOLU	450	369.308	0.820684444444	0.0639152423329	14,ACOLU 369.308
