#older	younger	score
21,14 18.726
15,14 63.976
17,22 1.178
14,24 3.07
23,24 253.636
18,15 60.346
15,22 1.072
16,14 3.22
16,25 3.93
20,17 1.55
15,18 13.562
16,22 4.51
19,17 1.154
17,23 2.216
20,17 1.34
25,20 1.098
16,20 1.392
15,19 3.972
22,19 4.696
14,24 2.312
14,15 529.198
20,25 1.398
23,14 33.736
25,14 2.09
17,25 2.314
15,14 63.392
16,25 1.23
18,15 133.08
14,15 1959.208
17,20 2.536
23,22 3.666
23,14 1.292
16,19 1.022
16,22 1.09
19,24 2.246
20,14 1.376
23,24 8.568
15,22 1.35
25,24 1.022
17,16 1.59
22,16 4.296
15,19 1.396
17,25 3.312
18,24 3.854
14,16 1.046
15,18 10.536
21,18 1.31
16,20 2.74
23,17 1.612
22,25 7.804
15,24 2.746
