#donor	receptor	nb	sum	mean	std	older,younger	score
15	14	30	18.726	0.6242	0.0856552781016	21,14 18.726
AGAMB	14	94	63.976	0.680595744681	0.121819828518	15,14 63.976
AGAMB	AMINI	2	1.022	0.511	0.0	15,AMINI 1.022
AMINI	AMACU	2	1.416	0.708	0.0	16,AMACU 1.416
ACULI	AMACU	10	6.316	0.6316	0.122935104832	16,AMACU 6.316
16	22	2	1.178	0.589	0.0	17,22 1.178
AARAB	AFUNE	6	3.578	0.596333333333	0.0709804354891	14,AFUNE 3.578
AARAB	ASTES	2	1.32	0.66	0.0	14,ASTES 1.32
ACULI	AMELA	4	2.736	0.684	0.147	16,AMELA 2.736
AARAB	24	6	3.07	0.511666666667	0.00849836585599	14,24 3.07
ASTEI	AFUNE	2	1.23	0.615	0.0	20,AFUNE 1.23
AMERU	ACULI	2	1.03	0.515	0.0	19,ACULI 1.03
AMERU	AMELA	4	2.34	0.585	0.055	19,AMELA 2.34
ACULI	AARAB	2	1.538	0.769	0.0	16,AARAB 1.538
AMELA	AEPIR	4	2.49	0.6225	0.0645	18,AEPIR 2.49
21	AMELA	56	33.186	0.592607142857	0.0766230752663	23,AMELA 33.186
20	AMINI	2	1.02	0.51	0.0	22,AMINI 1.02
ASTEI	AEPIR	6	4.206	0.701	0.081767964387	20,AEPIR 4.206
AARAB	AMERU	44	32.63	0.741590909091	0.148530884175	14,AMERU 32.63
21	AQUAD	98	67.638	0.690183673469	0.11409460333	23,AQUAD 67.638
ACHRI	ASTEI	8	4.964	0.6205	0.0928264509717	23,ASTEI 4.964
18	AGAMB	8	4.71	0.58875	0.0696217458845	19,AGAMB 4.71
ACHRI	24	390	253.636	0.650348717949	0.0940225365014	23,24 253.636
AFUNE	AEPIR	6	4.018	0.669666666667	0.0846023377665	17,AEPIR 4.018
AMELA	15	92	60.346	0.655934782609	0.114474299788	18,15 60.346
21	AEPIR	2	1.232	0.616	0.0	23,AEPIR 1.232
AGAMB	22	2	1.072	0.536	0.0	15,22 1.072
ACOLU	AMELA	70	47.296	0.675657142857	0.123160741161	15,AMELA 47.296
AFUNE	AQUAD	2	1.002	0.501	0.0	17,AQUAD 1.002
ACOLU	AARAB	628	459.996	0.732477707006	0.121006452741	15,AARAB 459.996
ACOLU	AMINI	2	1.05	0.525	0.0	15,AMINI 1.05
ACOLU	AEPIR	2	1.952	0.976	0.0	15,AEPIR 1.952
AQUAD	AMERU	180	121.778	0.676544444444	0.130445149061	14,AMERU 121.778
ACULI	14	6	3.22	0.536666666667	0.0157550697308	16,14 3.22
ACOLU	ACULI	4	2.52	0.63	0.061	15,ACULI 2.52
ACULI	25	6	3.93	0.655	0.0442944691807	16,25 3.93
ASTES	17	2	1.55	0.775	0.0	20,17 1.55
AMINI	ASTES	4	2.162	0.5405	0.0125	16,ASTES 2.162
16	AMACU	4	2.454	0.6135	0.0485	17,AMACU 2.454
AGAMB	AARAB	684	506.876	0.741046783626	0.125876520432	15,AARAB 506.876
AMACU	ASTEI	8	5.05	0.63125	0.0270127284812	22,ASTEI 5.05
AFUNE	AMINI	2	1.032	0.516	0.0	17,AMINI 1.032
14	AGAMB	52	36.568	0.703230769231	0.122708945098	18,AGAMB 36.568
AEPIR	AARAB	4	2.278	0.5695	0.0525	25,AARAB 2.278
ASTES	AMINI	2	1.624	0.812	0.0	20,AMINI 1.624
AGAMB	AMELA	40	28.49	0.71225	0.119938682251	15,AMELA 28.49
21	ACULI	2	1.188	0.594	0.0	23,ACULI 1.188
AGAMB	18	22	13.562	0.616454545455	0.0939916472463	15,18 13.562
ACHRI	AQUAD	2	1.114	0.557	0.0	23,AQUAD 1.114
AARAB	AEPIR	6	3.94	0.656666666667	0.0653928300521	14,AEPIR 3.94
AMELA	AMACU	2	1.416	0.708	0.0	18,AMACU 1.416
AMINI	AEPIR	2	1.802	0.901	0.0	16,AEPIR 1.802
ACOLU	AQUAD	102	71.772	0.703647058824	0.127616739871	15,AQUAD 71.772
ACULI	22	6	4.51	0.751666666667	0.105758635056	16,22 4.51
AQUAD	AGAMB	386	271.756	0.704031088083	0.119907516466	14,AGAMB 271.756
ACULI	ACOLU	4	2.562	0.6405	0.1095	16,ACOLU 2.562
AMERU	ACOLU	18	10.5	0.583333333333	0.0761431400572	19,ACOLU 10.5
AGAMB	ACULI	4	2.214	0.5535	0.0415	15,ACULI 2.214
AMACU	ACULI	14	8.824	0.630285714286	0.0858565486074	22,ACULI 8.824
AMERU	ASTEI	2	1.078	0.539	0.0	19,ASTEI 1.078
ASTEI	ACHRI	4	2.672	0.668	0.163	20,ACHRI 2.672
ACOLU	AMACU	2	1.584	0.792	0.0	15,AMACU 1.584
AFUNE	ACHRI	2	1.564	0.782	0.0	17,ACHRI 1.564
AMERU	17	2	1.154	0.577	0.0	19,17 1.154
AGAMB	ASTES	2	1.232	0.616	0.0	15,ASTES 1.232
AARAB	AMELA	4	2.2	0.55	0.036	14,AMELA 2.2
ASTEI	AMINI	2	1.522	0.761	0.0	20,AMINI 1.522
16	23	4	2.216	0.554	0.035	17,23 2.216
ASTES	AQUAD	2	1.468	0.734	0.0	20,AQUAD 1.468
AMELA	AMERU	2	1.642	0.821	0.0	18,AMERU 1.642
AMACU	ACHRI	2	1.364	0.682	0.0	22,ACHRI 1.364
ASTEI	17	2	1.34	0.67	0.0	20,17 1.34
ASTEI	AQUAD	2	1.532	0.766	0.0	20,AQUAD 1.532
AMACU	AGAMB	2	1.178	0.589	0.0	22,AGAMB 1.178
AGAMB	AMERU	22	16.564	0.752909090909	0.0860765563537	15,AMERU 16.564
AEPIR	20	2	1.098	0.549	0.0	25,20 1.098
ACHRI	ACULI	2	1.096	0.548	0.0	23,ACULI 1.096
21	AARAB	72	45.826	0.636472222222	0.121884846864	23,AARAB 45.826
ACULI	20	2	1.392	0.696	0.0	16,20 1.392
ACOLU	AGAMB	2	1.34	0.67	0.0	15,AGAMB 1.34
22	ASTES	2	1.23	0.615	0.0	24,ASTES 1.23
18	ACOLU	2	1.054	0.527	0.0	19,ACOLU 1.054
ACOLU	19	6	3.972	0.662	0.0509116882454	15,19 3.972
20	19	6	4.696	0.782666666667	0.0563106463192	22,19 4.696
15	AQUAD	48	32.072	0.668166666667	0.0947565594329	21,AQUAD 32.072
AEPIR	AFUNE	2	1.488	0.744	0.0	25,AFUNE 1.488
AMACU	AEPIR	2	1.0	0.5	0.0	22,AEPIR 1.0
AGAMB	AEPIR	6	4.0	0.666666666667	0.0417957998953	15,AEPIR 4.0
AQUAD	24	4	2.312	0.578	0.064	14,24 2.312
19	AQUAD	14	8.448	0.603428571429	0.0508495178875	21,AQUAD 8.448
AMACU	AMINI	2	1.102	0.551	0.0	22,AMINI 1.102
AMELA	ACHRI	4	2.578	0.6445	0.0895	18,ACHRI 2.578
22	AMERU	2	1.32	0.66	0.0	24,AMERU 1.32
AEPIR	AQUAD	2	1.076	0.538	0.0	25,AQUAD 1.076
ASTEI	ACOLU	2	1.018	0.509	0.0	20,ACOLU 1.018
AQUAD	15	664	529.198	0.796984939759	0.143349149592	14,15 529.198
AMELA	AGAMB	66	46.374	0.702636363636	0.121711735492	18,AGAMB 46.374
AFUNE	AMACU	2	1.408	0.704	0.0	17,AMACU 1.408
ASTEI	25	2	1.398	0.699	0.0	20,25 1.398
21	14	50	33.736	0.67472	0.0939772397977	23,14 33.736
AMACU	ASTES	2	1.092	0.546	0.0	22,ASTES 1.092
AEPIR	14	4	2.09	0.5225	0.0225	25,14 2.09
16	25	4	2.314	0.5785	0.0455	17,25 2.314
AMERU	AQUAD	118	70.466	0.597169491525	0.0780762670471	19,AQUAD 70.466
AQUAD	ASTEI	2	1.182	0.591	0.0	14,ASTEI 1.182
AQUAD	ACOLU	262	183.45	0.700190839695	0.127110705761	14,ACOLU 183.45
ACOLU	14	88	63.392	0.720363636364	0.115134919059	15,14 63.392
ACULI	ASTES	4	2.296	0.574	0.046	16,ASTES 2.296
AMINI	25	2	1.23	0.615	0.0	16,25 1.23
14	15	180	133.08	0.739333333333	0.130516835866	18,15 133.08
AMACU	AMERU	4	2.214	0.5535	0.0285	22,AMERU 2.214
AARAB	15	2378	1959.208	0.823888982338	0.142017060732	14,15 1959.208
AFUNE	20	4	2.536	0.634	0.025	17,20 2.536
AMACU	ACOLU	2	1.328	0.664	0.0	22,ACOLU 1.328
ACHRI	22	6	3.666	0.611	0.073769912566	23,22 3.666
ACULI	AFUNE	4	2.034	0.5085	0.0015	16,AFUNE 2.034
ACHRI	14	2	1.292	0.646	0.0	23,14 1.292
AMELA	ACOLU	66	46.116	0.698727272727	0.111997097562	18,ACOLU 46.116
AMINI	AFUNE	6	4.288	0.714666666667	0.155420576358	16,AFUNE 4.288
ACULI	AMERU	2	1.016	0.508	0.0	16,AMERU 1.016
AMACU	AMELA	2	1.162	0.581	0.0	22,AMELA 1.162
AMERU	AMACU	2	1.224	0.612	0.0	19,AMACU 1.224
ACULI	19	2	1.022	0.511	0.0	16,19 1.022
ACOLU	ASTEI	2	1.29	0.645	0.0	15,ASTEI 1.29
21	AMACU	2	1.262	0.631	0.0	23,AMACU 1.262
AMINI	ASTEI	2	1.574	0.787	0.0	16,ASTEI 1.574
AARAB	AGAMB	722	517.666	0.716988919668	0.130687718075	14,AGAMB 517.666
AQUAD	AARAB	2	1.112	0.556	0.0	14,AARAB 1.112
AMINI	22	2	1.09	0.545	0.0	16,22 1.09
AGAMB	AQUAD	166	114.644	0.690626506024	0.113063018023	15,AQUAD 114.644
AMERU	AARAB	12	6.662	0.555166666667	0.0481747398079	19,AARAB 6.662
AMERU	24	4	2.246	0.5615	0.0615	19,24 2.246
ASTEI	14	2	1.376	0.688	0.0	20,14 1.376
AQUAD	AEPIR	8	4.59	0.57375	0.0678873147208	14,AEPIR 4.59
21	24	14	8.568	0.612	0.0726105069138	23,24 8.568
ACOLU	AMERU	30	20.178	0.6726	0.104110710304	15,AMERU 20.178
AMERU	AGAMB	16	9.804	0.61275	0.0589146628608	19,AGAMB 9.804
15	AARAB	186	119.97	0.645	0.112436935729	21,AARAB 119.97
AFUNE	ACULI	4	2.372	0.593	0.005	17,ACULI 2.372
ACOLU	22	2	1.35	0.675	0.0	15,22 1.35
ASTEI	AMACU	10	8.392	0.8392	0.162587084358	20,AMACU 8.392
AFUNE	AARAB	6	3.958	0.659666666667	0.0839854484751	17,AARAB 3.958
19	AARAB	10	5.644	0.5644	0.0350291307343	21,AARAB 5.644
ACHRI	AMACU	8	5.904	0.738	0.103198837203	23,AMACU 5.904
AEPIR	24	2	1.022	0.511	0.0	25,24 1.022
15	AMELA	10	6.164	0.6164	0.126146898495	21,AMELA 6.164
ASTEI	ACULI	4	2.046	0.5115	0.0045	20,ACULI 2.046
AGAMB	AMACU	2	1.094	0.547	0.0	15,AMACU 1.094
ASTES	AMACU	2	1.976	0.988	0.0	20,AMACU 1.976
AFUNE	16	2	1.59	0.795	0.0	17,16 1.59
AQUAD	AMELA	6	4.004	0.667333333333	0.0961607450517	14,AMELA 4.004
AEPIR	ASTEI	2	1.378	0.689	0.0	25,ASTEI 1.378
14	ACOLU	42	28.096	0.668952380952	0.110929611398	18,ACOLU 28.096
AMACU	16	6	4.296	0.716	0.134434618557	22,16 4.296
AGAMB	ACHRI	2	1.29	0.645	0.0	15,ACHRI 1.29
ACHRI	AMELA	2	1.108	0.554	0.0	23,AMELA 1.108
AFUNE	ASTEI	4	2.66	0.665	0.149	17,ASTEI 2.66
AFUNE	ASTES	2	1.03	0.515	0.0	17,ASTES 1.03
AMINI	AGAMB	2	1.078	0.539	0.0	16,AGAMB 1.078
AGAMB	19	2	1.396	0.698	0.0	15,19 1.396
AGAMB	ASTEI	2	1.216	0.608	0.0	15,ASTEI 1.216
AQUAD	ACHRI	8	4.754	0.59425	0.0774866924059	14,ACHRI 4.754
AGAMB	ACOLU	2	1.124	0.562	0.0	15,ACOLU 1.124
AFUNE	25	6	3.312	0.552	0.0360832371053	17,25 3.312
AMELA	24	6	3.854	0.642333333333	0.0436068292307	18,24 3.854
ACHRI	AARAB	2	1.192	0.596	0.0	23,AARAB 1.192
AQUAD	16	2	1.046	0.523	0.0	14,16 1.046
ACOLU	18	16	10.536	0.6585	0.111012386696	15,18 10.536
15	18	2	1.31	0.655	0.0	21,18 1.31
AMINI	20	4	2.74	0.685	0.017	16,20 2.74
ACHRI	17	2	1.612	0.806	0.0	23,17 1.612
20	25	14	7.804	0.557428571429	0.0239096940463	22,25 7.804
AARAB	ACOLU	836	601.138	0.719064593301	0.1257546717	14,ACOLU 601.138
AEPIR	AMINI	2	1.246	0.623	0.0	25,AMINI 1.246
ASTES	AFUNE	2	1.014	0.507	0.0	20,AFUNE 1.014
AGAMB	24	4	2.746	0.6865	0.0005	15,24 2.746
