#donor	receptor	nb	sum	mean	std	older,younger	score
15	14	2	1.628	0.814	0.0	21,14 1.628
AGAMB	14	22	18.67	0.848636363636	0.0329276692913	15,14 18.67
ACULI	AMACU	2	1.754	0.877	0.0	16,AMACU 1.754
ACULI	AMELA	2	1.662	0.831	0.0	16,AMELA 1.662
21	AMELA	2	1.624	0.812	0.0	23,AMELA 1.624
ASTEI	AEPIR	2	1.632	0.816	0.0	20,AEPIR 1.632
AARAB	AMERU	18	16.208	0.900444444444	0.0525570824303	14,AMERU 16.208
21	AQUAD	24	20.028	0.8345	0.023991317874	23,AQUAD 20.028
ACHRI	24	8	6.82	0.8525	0.0510612377445	23,24 6.82
AMELA	15	14	12.072	0.862285714286	0.0294361987342	18,15 12.072
ACOLU	AMELA	12	10.428	0.869	0.0354306835008	15,AMELA 10.428
ACOLU	AARAB	218	187.796	0.861449541284	0.0336586987921	15,AARAB 187.796
ACOLU	AEPIR	2	1.952	0.976	0.0	15,AEPIR 1.952
AQUAD	AMERU	36	31.786	0.882944444444	0.0481346170445	14,AMERU 31.786
AGAMB	AARAB	278	240.376	0.864661870504	0.03426799878	15,AARAB 240.376
14	AGAMB	16	13.444	0.84025	0.0292393142874	18,AGAMB 13.444
ASTES	AMINI	2	1.624	0.812	0.0	20,AMINI 1.624
AGAMB	AMELA	12	10.3	0.858333333333	0.0413346773975	15,AMELA 10.3
AMINI	AEPIR	2	1.802	0.901	0.0	16,AEPIR 1.802
ACOLU	AQUAD	34	29.062	0.854764705882	0.0281122318192	15,AQUAD 29.062
ACULI	22	2	1.79	0.895	0.0	16,22 1.79
AQUAD	AGAMB	98	84.442	0.861653061224	0.032643748672	14,AGAMB 84.442
ASTEI	ACHRI	2	1.662	0.831	0.0	20,ACHRI 1.662
AMELA	AMERU	2	1.642	0.821	0.0	18,AMERU 1.642
AGAMB	AMERU	6	5.164	0.860666666667	0.0423031388381	15,AMERU 5.164
21	AARAB	10	8.41	0.841	0.0276405499222	23,AARAB 8.41
20	19	2	1.684	0.842	0.0	22,19 1.684
15	AQUAD	4	3.212	0.803	0.001	21,AQUAD 3.212
AQUAD	15	374	339.382	0.907438502674	0.0503943827392	14,15 339.382
AMELA	AGAMB	18	15.476	0.859777777778	0.0456989612763	18,AGAMB 15.476
21	14	8	6.538	0.81725	0.00819679815538	23,14 6.538
AMERU	AQUAD	4	3.322	0.8305	0.0195	19,AQUAD 3.322
AQUAD	ACOLU	80	68.786	0.859825	0.0318691759385	14,ACOLU 68.786
ACOLU	14	30	25.302	0.8434	0.031759093186	15,14 25.302
14	15	72	62.626	0.869805555556	0.0399324564765	18,15 62.626
AARAB	15	1502	1380.86	0.919347536618	0.0518886482271	14,15 1380.86
AMELA	ACOLU	16	13.62	0.85125	0.0367822987319	18,ACOLU 13.62
AMINI	AFUNE	2	1.796	0.898	0.0	16,AFUNE 1.796
AARAB	AGAMB	238	206.506	0.867672268908	0.0371323115186	14,AGAMB 206.506
AGAMB	AQUAD	38	32.362	0.851631578947	0.0304219631989	15,AQUAD 32.362
ACOLU	AMERU	4	3.378	0.8445	0.0085	15,AMERU 3.378
15	AARAB	20	17.24	0.862	0.0313655862371	21,AARAB 17.24
ASTEI	AMACU	8	7.346	0.91825	0.0424109360896	20,AMACU 7.346
ACHRI	AMACU	4	3.34	0.835	0.031	23,AMACU 3.34
15	AMELA	2	1.722	0.861	0.0	21,AMELA 1.722
ASTES	AMACU	2	1.976	0.988	0.0	20,AMACU 1.976
14	ACOLU	6	5.22	0.87	0.0156418242755	18,ACOLU 5.22
AMACU	16	2	1.718	0.859	0.0	22,16 1.718
AFUNE	ASTEI	2	1.628	0.814	0.0	17,ASTEI 1.628
ACOLU	18	4	3.268	0.817	0.017	15,18 3.268
ACHRI	17	2	1.612	0.806	0.0	23,17 1.612
AARAB	ACOLU	284	244.976	0.862591549296	0.0350679732161	14,ACOLU 244.976
