#donor	receptor	nb	sum	mean	std	older,younger	score
15	14	58	31.258	0.538931034483	0.109459150319	21,14 31.258
AGAMB	14	114	72.99	0.640263157895	0.141580369131	15,14 72.99
AEPIR	AMACU	2	0.824	0.412	0.0	25,AMACU 0.824
AGAMB	AMINI	6	2.816	0.469333333333	0.0370435179515	15,AMINI 2.816
20	AGAMB	2	0.924	0.462	0.0	22,AGAMB 0.924
AMINI	AMACU	4	2.218	0.5545	0.1535	16,AMACU 2.218
15	24	2	0.85	0.425	0.0	21,24 0.85
ACULI	AMACU	30	15.35	0.511666666667	0.112705318814	16,AMACU 15.35
16	22	4	1.994	0.4985	0.0905	17,22 1.994
21	17	2	0.814	0.407	0.0	23,17 0.814
AARAB	AFUNE	6	3.578	0.596333333333	0.0709804354891	14,AFUNE 3.578
AARAB	ASTES	2	1.32	0.66	0.0	14,ASTES 1.32
ACULI	AMELA	6	3.718	0.619666666667	0.150610609041	16,AMELA 3.718
AARAB	24	16	7.382	0.461375	0.0404534840898	14,24 7.382
ASTEI	AFUNE	6	3.046	0.507666666667	0.0778088826692	20,AFUNE 3.046
AMERU	ACULI	2	1.03	0.515	0.0	19,ACULI 1.03
AMERU	AMELA	10	5.06	0.506	0.0746913649628	19,AMELA 5.06
ACULI	AARAB	2	1.538	0.769	0.0	16,AARAB 1.538
AMELA	AEPIR	6	3.374	0.562333333333	0.100067754824	18,AEPIR 3.374
21	AMELA	92	49.196	0.534739130435	0.0957143473827	23,AMELA 49.196
20	AMINI	2	1.02	0.51	0.0	22,AMINI 1.02
ASTEI	AEPIR	6	4.206	0.701	0.081767964387	20,AEPIR 4.206
AARAB	AMERU	66	42.402	0.642454545455	0.186020378634	14,AMERU 42.402
21	AQUAD	134	84.122	0.627776119403	0.142644618514	23,AQUAD 84.122
AFUNE	14	4	1.672	0.418	0.011	17,14 1.672
ACHRI	ASTEI	14	7.806	0.557571428571	0.101570323482	23,ASTEI 7.806
18	AGAMB	20	10.08	0.504	0.0858055942232	19,AGAMB 10.08
ACHRI	24	668	376.394	0.563464071856	0.126644973481	23,24 376.394
AGAMB	AFUNE	2	0.942	0.471	0.0	15,AFUNE 0.942
AARAB	ACULI	2	0.992	0.496	0.0	14,ACULI 0.992
AFUNE	AEPIR	10	5.966	0.5966	0.110924478813	17,AEPIR 5.966
AMELA	15	124	74.68	0.602258064516	0.1350475347	18,15 74.68
AQUAD	AFUNE	2	0.834	0.417	0.0	14,AFUNE 0.834
21	AEPIR	4	2.166	0.5415	0.0745	23,AEPIR 2.166
20	AMELA	2	0.824	0.412	0.0	22,AMELA 0.824
AGAMB	22	2	1.072	0.536	0.0	15,22 1.072
AMERU	ACHRI	2	0.818	0.409	0.0	19,ACHRI 0.818
ACOLU	AMELA	100	61.09	0.6109	0.143496097508	15,AMELA 61.09
ACOLU	24	2	0.804	0.402	0.0	15,24 0.804
AFUNE	AQUAD	4	1.902	0.4755	0.0255	17,AQUAD 1.902
ACOLU	AARAB	826	548.132	0.663598062954	0.16240443104	15,AARAB 548.132
ACOLU	AMINI	2	1.05	0.525	0.0	15,AMINI 1.05
ACOLU	AFUNE	2	0.876	0.438	0.0	15,AFUNE 0.876
AMINI	14	2	0.914	0.457	0.0	16,14 0.914
ACOLU	AEPIR	2	1.952	0.976	0.0	15,AEPIR 1.952
AQUAD	AMERU	250	153.238	0.612952	0.151328139141	14,AMERU 153.238
ACULI	14	6	3.22	0.536666666667	0.0157550697308	16,14 3.22
16	20	2	0.876	0.438	0.0	17,20 0.876
ACOLU	ACULI	4	2.52	0.63	0.061	15,ACULI 2.52
ACULI	25	8	4.75	0.59375	0.112810405105	16,25 4.75
ASTES	17	4	2.392	0.598	0.177	20,17 2.392
AMINI	ASTES	6	3.104	0.517333333333	0.0343155293643	16,ASTES 3.104
16	AMACU	4	2.454	0.6135	0.0485	17,AMACU 2.454
AGAMB	AARAB	830	572.258	0.68946746988	0.160267301649	15,AARAB 572.258
AMELA	ACULI	2	0.89	0.445	0.0	18,ACULI 0.89
AARAB	ACHRI	2	0.862	0.431	0.0	14,ACHRI 0.862
AMACU	ASTEI	12	6.968	0.580666666667	0.0748724841907	22,ASTEI 6.968
AFUNE	AMINI	4	1.994	0.4985	0.0175	17,AMINI 1.994
14	AGAMB	84	50.73	0.603928571429	0.160543035746	18,AGAMB 50.73
AMACU	17	2	0.954	0.477	0.0	22,17 0.954
AMINI	AMERU	2	0.948	0.474	0.0	16,AMERU 0.948
AEPIR	AARAB	6	3.258	0.543	0.0569385633819	25,AARAB 3.258
ASTES	AMINI	2	1.624	0.812	0.0	20,AMINI 1.624
AGAMB	AMELA	62	38.25	0.616935483871	0.161353336078	15,AMELA 38.25
21	ACULI	4	2.078	0.5195	0.0745	23,ACULI 2.078
AGAMB	18	26	15.332	0.589692307692	0.106868995731	15,18 15.332
ACHRI	AQUAD	2	1.114	0.557	0.0	23,AQUAD 1.114
AARAB	AEPIR	16	8.168	0.5105	0.120620271928	14,AEPIR 8.168
AMELA	AMACU	2	1.416	0.708	0.0	18,AMACU 1.416
ACULI	AEPIR	2	0.944	0.472	0.0	16,AEPIR 0.944
AMINI	AEPIR	2	1.802	0.901	0.0	16,AEPIR 1.802
ACOLU	AQUAD	138	87.91	0.637028985507	0.157629263359	15,AQUAD 87.91
ACULI	22	12	7.23	0.6025	0.167960064698	16,22 7.23
AQUAD	AGAMB	506	325.58	0.643438735178	0.15159917377	14,AGAMB 325.58
ACULI	ACOLU	4	2.562	0.6405	0.1095	16,ACOLU 2.562
17	AMACU	4	1.756	0.439	0.013	24,AMACU 1.756
AMERU	ACOLU	36	18.622	0.517277777778	0.0875244762944	19,ACOLU 18.622
AGAMB	ACULI	8	4.184	0.523	0.0425734659148	15,ACULI 4.184
AMACU	ACULI	34	17.712	0.520941176471	0.108676785003	22,ACULI 17.712
AMERU	ASTEI	2	1.078	0.539	0.0	19,ASTEI 1.078
21	ASTEI	2	0.878	0.439	0.0	23,ASTEI 0.878
22	16	2	0.886	0.443	0.0	24,16 0.886
ASTEI	ACHRI	6	3.492	0.582	0.180290506313	20,ACHRI 3.492
ACOLU	AMACU	4	2.546	0.6365	0.1555	15,AMACU 2.546
AFUNE	ACHRI	2	1.564	0.782	0.0	17,ACHRI 1.564
AMERU	17	2	1.154	0.577	0.0	19,17 1.154
AGAMB	ASTES	2	1.232	0.616	0.0	15,ASTES 1.232
AEPIR	AMERU	4	1.848	0.462	0.019	25,AMERU 1.848
AARAB	AMELA	12	5.538	0.4615	0.0664874674907	14,AMELA 5.538
ASTEI	AMINI	2	1.522	0.761	0.0	20,AMINI 1.522
AMACU	AFUNE	2	0.816	0.408	0.0	22,AFUNE 0.816
16	23	4	2.216	0.554	0.035	17,23 2.216
ASTES	AQUAD	2	1.468	0.734	0.0	20,AQUAD 1.468
AMELA	AMERU	6	3.47	0.578333333333	0.173693855837	18,AMERU 3.47
22	ACULI	2	0.81	0.405	0.0	24,ACULI 0.81
AMACU	ACHRI	8	3.956	0.4945	0.109392641434	22,ACHRI 3.956
ASTEI	17	2	1.34	0.67	0.0	20,17 1.34
ASTEI	AQUAD	2	1.532	0.766	0.0	20,AQUAD 1.532
AMACU	AGAMB	4	2.058	0.5145	0.0745	22,AGAMB 2.058
19	24	2	0.88	0.44	0.0	21,24 0.88
AMACU	21	4	1.8	0.45	0.036	22,21 1.8
AGAMB	AMERU	32	20.844	0.651375	0.167152204218	15,AMERU 20.844
14	AEPIR	6	2.872	0.478666666667	0.0130213499897	18,AEPIR 2.872
AEPIR	20	2	1.098	0.549	0.0	25,20 1.098
ACHRI	ACULI	2	1.096	0.548	0.0	23,ACULI 1.096
21	AARAB	84	51.122	0.608595238095	0.132327166617	23,AARAB 51.122
ACULI	20	2	1.392	0.696	0.0	16,20 1.392
ACOLU	AGAMB	2	1.34	0.67	0.0	15,AGAMB 1.34
22	ASTES	2	1.23	0.615	0.0	24,ASTES 1.23
18	ACOLU	8	3.748	0.4685	0.0422936165396	19,ACOLU 3.748
ACOLU	19	14	7.534	0.538142857143	0.112651711764	15,19 7.534
20	19	6	4.696	0.782666666667	0.0563106463192	22,19 4.696
AEPIR	18	12	5.498	0.458166666667	0.0160770713198	25,18 5.498
15	AQUAD	78	45.966	0.589307692308	0.125139953211	21,AQUAD 45.966
AEPIR	AFUNE	2	1.488	0.744	0.0	25,AFUNE 1.488
AMACU	AEPIR	4	1.848	0.462	0.038	22,AEPIR 1.848
AGAMB	AEPIR	10	5.746	0.5746	0.119211744388	15,AEPIR 5.746
AQUAD	24	16	7.614	0.475875	0.0734241743229	14,24 7.614
19	AQUAD	28	14.612	0.521857142857	0.0913227065668	21,AQUAD 14.612
AMACU	AMINI	2	1.102	0.551	0.0	22,AMINI 1.102
AMELA	ACHRI	6	3.572	0.595333333333	0.10087065425	18,ACHRI 3.572
22	AMERU	2	1.32	0.66	0.0	24,AMERU 1.32
AMELA	AFUNE	2	0.974	0.487	0.0	18,AFUNE 0.974
AEPIR	AQUAD	4	2.036	0.509	0.029	25,AQUAD 2.036
ASTEI	ACOLU	2	1.018	0.509	0.0	20,ACOLU 1.018
AQUAD	15	752	568.214	0.755603723404	0.176534819322	14,15 568.214
AMELA	AGAMB	94	58.834	0.625893617021	0.156655908886	18,AGAMB 58.834
AFUNE	AMACU	8	3.974	0.49675	0.122403788749	17,AMACU 3.974
17	ASTEI	2	0.94	0.47	0.0	24,ASTEI 0.94
ASTEI	25	2	1.398	0.699	0.0	20,25 1.398
21	14	68	41.888	0.616	0.127511937157	23,14 41.888
AMACU	ASTES	2	1.092	0.546	0.0	22,ASTES 1.092
AEPIR	14	4	2.09	0.5225	0.0225	25,14 2.09
16	25	4	2.314	0.5785	0.0455	17,25 2.314
AMERU	AQUAD	206	110.202	0.534961165049	0.0951653565841	19,AQUAD 110.202
AQUAD	ASTEI	4	1.988	0.497	0.094	14,ASTEI 1.988
ASTES	AGAMB	2	0.814	0.407	0.0	20,AGAMB 0.814
AQUAD	ACOLU	336	216.326	0.643827380952	0.154953026562	14,ACOLU 216.326
ACOLU	14	116	75.918	0.654465517241	0.154813927859	15,14 75.918
ACULI	ASTES	8	4.018	0.50225	0.0787857061909	16,ASTES 4.018
AMINI	25	2	1.23	0.615	0.0	16,25 1.23
14	15	224	152.298	0.679901785714	0.16819238346	18,15 152.298
AMACU	AMERU	6	3.03	0.505	0.0724292758489	22,AMERU 3.03
AARAB	15	2696	2101.712	0.779566765579	0.180521185353	14,15 2101.712
AMINI	AARAB	2	0.986	0.493	0.0	16,AARAB 0.986
AFUNE	20	4	2.536	0.634	0.025	17,20 2.536
AMACU	ACOLU	2	1.328	0.664	0.0	22,ACOLU 1.328
ACHRI	22	6	3.666	0.611	0.073769912566	23,22 3.666
ACULI	AFUNE	10	4.684	0.4684	0.0419647471099	16,AFUNE 4.684
ACHRI	14	4	2.094	0.5235	0.1225	23,14 2.094
AMELA	ACOLU	98	60.276	0.61506122449	0.152217139232	18,ACOLU 60.276
AMINI	AFUNE	8	5.134	0.64175	0.184572986918	16,AFUNE 5.134
ACULI	AMERU	6	2.992	0.498666666667	0.00664997911442	16,AMERU 2.992
AMACU	AMELA	6	3.052	0.508666666667	0.051279192228	22,AMELA 3.052
ASTEI	AMELA	2	0.998	0.499	0.0	20,AMELA 0.998
AMERU	AMACU	2	1.224	0.612	0.0	19,AMACU 1.224
ACULI	19	4	1.856	0.464	0.047	16,19 1.856
ACOLU	ASTEI	2	1.29	0.645	0.0	15,ASTEI 1.29
21	AMACU	2	1.262	0.631	0.0	23,AMACU 1.262
AMINI	ASTEI	4	2.558	0.6395	0.1475	16,ASTEI 2.558
AARAB	AGAMB	902	598.45	0.663470066519	0.159184927433	14,AGAMB 598.45
AQUAD	AARAB	2	1.112	0.556	0.0	14,AARAB 1.112
AMINI	22	2	1.09	0.545	0.0	16,22 1.09
AGAMB	AQUAD	214	135.776	0.63446728972	0.144847281339	15,AQUAD 135.776
AMERU	AARAB	28	13.918	0.497071428571	0.064662270171	19,AARAB 13.918
AMERU	24	8	4.06	0.5075	0.071820957944	19,24 4.06
ASTEI	14	4	2.3	0.575	0.113	20,14 2.3
AQUAD	AEPIR	12	6.388	0.532333333333	0.0839636164591	14,AEPIR 6.388
21	24	16	9.472	0.592	0.0861002322877	23,24 9.472
ACOLU	AMERU	50	29.066	0.58132	0.138974161627	15,AMERU 29.066
AMERU	AGAMB	22	12.526	0.569363636364	0.0875549414288	19,AGAMB 12.526
AMELA	22	2	0.972	0.486	0.0	18,22 0.972
15	AARAB	266	155.622	0.585045112782	0.132128603601	21,AARAB 155.622
AFUNE	ACULI	6	3.176	0.529333333333	0.0901307691943	17,ACULI 3.176
ACOLU	22	2	1.35	0.675	0.0	15,22 1.35
ACOLU	16	2	0.908	0.454	0.0	15,16 0.908
ASTEI	AMACU	14	10.242	0.731571428571	0.219151517802	20,AMACU 10.242
AFUNE	AARAB	6	3.958	0.659666666667	0.0839854484751	17,AARAB 3.958
19	AARAB	16	8.372	0.52325	0.0627967953004	21,AARAB 8.372
ACHRI	AMACU	8	5.904	0.738	0.103198837203	23,AMACU 5.904
AEPIR	24	12	5.424	0.452	0.0431972221329	25,24 5.424
ACOLU	ASTES	2	0.836	0.418	0.0	15,ASTES 0.836
15	AMELA	18	9.668	0.537111111111	0.129705173755	21,AMELA 9.668
21	AMINI	2	0.832	0.416	0.0	23,AMINI 0.832
ASTEI	ACULI	6	3.002	0.500333333333	0.016213848676	20,ACULI 3.002
AGAMB	AMACU	2	1.094	0.547	0.0	15,AMACU 1.094
ASTES	AMACU	2	1.976	0.988	0.0	20,AMACU 1.976
AFUNE	16	2	1.59	0.795	0.0	17,16 1.59
AQUAD	AMELA	10	5.722	0.5722	0.138514114804	14,AMELA 5.722
AEPIR	ASTEI	4	2.322	0.5805	0.1085	25,ASTEI 2.322
14	ACOLU	76	42.976	0.565473684211	0.142148872451	18,ACOLU 42.976
AMACU	16	6	4.296	0.716	0.134434618557	22,16 4.296
AGAMB	ACHRI	2	1.29	0.645	0.0	15,ACHRI 1.29
ACHRI	AMELA	2	1.108	0.554	0.0	23,AMELA 1.108
AFUNE	ASTEI	4	2.66	0.665	0.149	17,ASTEI 2.66
AFUNE	ASTES	4	1.936	0.484	0.031	17,ASTES 1.936
AMINI	AGAMB	2	1.078	0.539	0.0	16,AGAMB 1.078
AGAMB	19	6	3.064	0.510666666667	0.132587916326	15,19 3.064
AGAMB	ASTEI	2	1.216	0.608	0.0	15,ASTEI 1.216
24	25	8	3.496	0.437	0.0166132477258	26,25 3.496
AQUAD	ACHRI	8	4.754	0.59425	0.0774866924059	14,ACHRI 4.754
AGAMB	ACOLU	2	1.124	0.562	0.0	15,ACOLU 1.124
AFUNE	25	12	6.068	0.505666666667	0.0551593650757	17,25 6.068
AMELA	24	32	14.84	0.46375	0.0908608138859	18,24 14.84
ACHRI	AARAB	2	1.192	0.596	0.0	23,AARAB 1.192
AQUAD	16	2	1.046	0.523	0.0	14,16 1.046
ACOLU	18	18	11.356	0.630888888889	0.130588790096	15,18 11.356
15	18	2	1.31	0.655	0.0	21,18 1.31
AMINI	20	4	2.74	0.685	0.017	16,20 2.74
AEPIR	19	2	0.8	0.4	0.0	25,19 0.8
ACHRI	17	4	2.582	0.6455	0.1605	23,17 2.582
20	25	32	15.92	0.4975	0.0585128191083	22,25 15.92
AARAB	ACOLU	1074	707.664	0.658905027933	0.158850222584	14,ACOLU 707.664
18	AQUAD	2	0.848	0.424	0.0	19,AQUAD 0.848
AEPIR	AMINI	4	2.078	0.5195	0.1035	25,AMINI 2.078
ACHRI	AGAMB	2	0.894	0.447	0.0	23,AGAMB 0.894
ACHRI	AEPIR	4	1.692	0.423	0.002	23,AEPIR 1.692
16	ACOLU	2	0.936	0.468	0.0	17,ACOLU 0.936
ASTES	AFUNE	6	2.788	0.464666666667	0.0300702880303	20,AFUNE 2.788
ASTES	ASTEI	2	0.814	0.407	0.0	20,ASTEI 0.814
24	ACHRI	2	0.8	0.4	0.0	26,ACHRI 0.8
AGAMB	24	4	2.746	0.6865	0.0005	15,24 2.746
