#older	younger	score
21,14 31.258
15,14 72.99
21,24 0.85
17,22 1.994
23,17 0.814
14,24 7.382
17,14 1.672
23,24 376.394
18,15 74.68
15,22 1.072
15,24 0.804
16,14 0.914
16,14 3.22
17,20 0.876
16,25 4.75
20,17 2.392
22,17 0.954
15,18 15.332
16,22 7.23
24,16 0.886
19,17 1.154
17,23 2.216
20,17 1.34
21,24 0.88
22,21 1.8
25,20 1.098
16,20 1.392
15,19 7.534
22,19 4.696
25,18 5.498
14,24 7.614
14,15 568.214
20,25 1.398
23,14 41.888
25,14 2.09
17,25 2.314
15,14 75.918
16,25 1.23
18,15 152.298
14,15 2101.712
17,20 2.536
23,22 3.666
23,14 2.094
16,19 1.856
16,22 1.09
19,24 4.06
20,14 2.3
23,24 9.472
18,22 0.972
15,22 1.35
15,16 0.908
25,24 5.424
17,16 1.59
22,16 4.296
15,19 3.064
26,25 3.496
17,25 6.068
18,24 14.84
14,16 1.046
15,18 11.356
21,18 1.31
16,20 2.74
25,19 0.8
23,17 2.582
22,25 15.92
15,24 2.746
