EOG091700MF	0.632	14	6	2	6
EOG091700M3	0.92	14	6	2	6
EOG091701AD	0.686	14	6	2	6
EOG091701A8	0.525	14	6	2	6
EOG091700CQ	0.883	14	6	2	6
EOG091700C5	0.925	14	6	2	6
EOG091704GB	0.686	14	6	2	6
EOG091700AU	0.632	14	6	2	6
EOG091700AF	0.901	14	6	2	6
EOG091704E3	0.886	14	6	2	6
EOG09170097	0.875	14	6	2	6
EOG091709EK	0.67	13	6	2	5
EOG091700Z9	0.805	14	6	2	6
EOG091705C6	0.87	14	6	2	6
EOG091705CX	0.616	11	5	1	5
EOG091700XL	0.73	14	6	2	6
EOG091702BD	0.872	14	6	2	6
EOG091700X3	0.583	14	6	2	6
EOG091701ZL	0.794	14	6	2	6
EOG091700E5	0.764	14	6	2	6
EOG091703W1	0.506	14	6	2	6
EOG091701T6	0.608	14	6	2	6
EOG0917024B	0.595	14	6	2	6
EOG091707FP	0.855	14	6	2	6
EOG0917014Q	0.505	14	6	2	6
EOG0917014K	0.546	14	6	2	6
EOG0917001O	0.517	14	6	2	6
EOG09170016	0.775	14	6	2	6
EOG091700RR	0.753	14	6	2	6
EOG091702HZ	0.783	14	6	2	6
EOG091701PA	0.765	14	6	2	6
EOG0917007W	0.57	14	6	2	6
EOG091702U0	0.884	14	6	2	6
EOG091702JH	0.53	13	5	2	6
EOG0917022W	0.673	14	6	2	6
EOG0917019M	0.874	14	6	2	6
EOG091700VS	0.94	14	6	2	6
EOG091700V5	0.854	14	6	2	6
EOG091701LX	0.575	14	6	2	6
EOG091700T2	0.668	14	6	2	6
EOG091701NL	0.92	14	6	2	6
EOG091704SP	0.765	14	6	2	6
EOG091700HE	0.941	14	6	2	6
EOG0917011O	0.869	14	6	2	6
EOG0917011C	0.946	14	6	2	6
EOG091701J0	0.84	14	6	2	6
EOG091700NV	0.547	14	6	2	6
EOG091700N7	0.693	14	6	2	6
EOG0917013S	0.804	14	6	2	6
EOG09170A2O	0.708	14	6	2	6
EOG091703E7	0.541	14	6	2	6
EOG091700LA	0.832	14	6	2	6
EOG091700LD	0.842	14	6	2	6
EOG091701FI	0.664	14	6	2	6
EOG091705ZF	0.797	14	6	2	6
EOG091704DW	0.829	12	5	2	5
EOG091707Y6	0.743	14	6	2	6
EOG091706KE	0.592	11	4	2	5
EOG091704B7	0.907	14	6	2	6
EOG091700DV	0.594	14	6	2	6
EOG091702C7	0.605	13	5	2	6
EOG091703K7	0.608	14	6	2	6
EOG091701U9	0.798	14	6	2	6
EOG0917002Y	0.594	14	6	2	6
EOG0917002L	0.712	14	6	2	6
EOG091703TX	0.897	14	6	2	6
EOG091704ZT	0.553	14	6	2	6
EOG091703RJ	0.928	14	6	2	6
EOG09170685	0.502	14	6	2	6
EOG0917068L	0.59	14	6	2	6
EOG091700S0	0.851	14	6	2	6
EOG091700SM	0.856	14	6	2	6
EOG091704XF	0.786	14	6	2	6
EOG0917004Y	0.827	14	6	2	6
EOG091700QD	0.719	14	6	2	6
EOG091700QW	0.795	14	6	2	6
EOG09170ACP	0.763	13	5	2	6
EOG091700UT	0.859	14	6	2	6
EOG09170413	0.593	14	6	2	6
EOG091700KD	0.82	14	6	2	6
EOG0917029V	0.876	10	4	2	4
EOG091703X7	0.823	14	6	2	6
EOG09170333	0.655	14	6	2	6
EOG091701EY	0.663	14	6	2	6
EOG0917010G	0.82	14	6	2	6
EOG091702XG	0.778	14	6	2	6
EOG0917031C	0.816	14	6	2	6
EOG091701GR	0.571	14	6	2	6
EOG091706Y4	0.866	14	6	2	6
EOG0917084J	0.611	14	6	2	6
