EOG091700MF	0.632	14	6	2	6
EOG091700MV	0.262	14	6	2	6
EOG091700M3	0.92	14	6	2	6
EOG091701AD	0.686	14	6	2	6
EOG091701A8	0.525	14	6	2	6
EOG09170506	0.299	14	6	2	6
EOG091702DG	0.27	14	6	2	6
EOG091705DQ	0.298	14	6	2	6
EOG091700CQ	0.883	14	6	2	6
EOG091700C5	0.925	14	6	2	6
EOG091701C2	0.255	14	6	2	6
EOG091704GB	0.686	14	6	2	6
EOG091707LJ	0.361	14	6	2	6
EOG091700AU	0.632	14	6	2	6
EOG091700AO	0.26	14	6	2	6
EOG091700AF	0.901	14	6	2	6
EOG091700A7	0.219	14	6	2	6
EOG091704E3	0.886	14	6	2	6
EOG0917098D	0.217	11	5	2	4
EOG09170092	0.21	14	6	2	6
EOG09170093	0.477	14	6	2	6
EOG09170097	0.875	14	6	2	6
EOG09170729	0.269	14	6	2	6
EOG0917054E	0.295	14	6	2	6
EOG0917054Q	0.272	14	6	2	6
EOG091709EK	0.67	13	6	2	5
EOG091709EJ	0.284	14	6	2	6
EOG091700Z9	0.805	14	6	2	6
EOG0917039X	0.322	11	6	2	3
EOG091703N1	0.241	12	5	2	5
EOG091703NL	0.407	14	6	2	6
EOG09170393	0.335	10	4	2	4
EOG091701X7	0.475	14	6	2	6
EOG091700GV	0.355	14	6	2	6
EOG091700GE	0.221	14	6	2	6
EOG091704C6	0.263	14	6	2	6
EOG091705C6	0.87	14	6	2	6
EOG091705C2	0.217	8	2	2	4
EOG0917056T	0.33	14	6	2	6
EOG09170561	0.283	13	5	2	6
EOG091705CX	0.616	11	5	1	5
EOG091705CW	0.28	14	6	2	6
EOG091700XL	0.73	14	6	2	6
EOG091702BN	0.276	10	5	1	4
EOG091702BD	0.872	14	6	2	6
EOG091700X3	0.583	14	6	2	6
EOG091701ZL	0.794	14	6	2	6
EOG091701ZD	0.267	13	6	2	5
EOG091703L0	0.31	6	2	1	3
EOG091708X9	0.229	14	6	2	6
EOG0917091M	0.231	12	6	1	5
EOG091700E4	0.228	14	6	2	6
EOG091700E5	0.764	14	6	2	6
EOG0917003Y	0.254	14	6	2	6
EOG091703W1	0.506	14	6	2	6
EOG091703WL	0.212	10	5	1	4
EOG091703WF	0.313	14	6	2	6
EOG091702L0	0.366	14	6	2	6
EOG091702L5	0.31	14	6	2	6
EOG091702LE	0.28	14	6	2	6
EOG091703J1	0.213	14	6	2	6
EOG091703JU	0.396	14	6	2	6
EOG091703JJ	0.335	14	6	2	6
EOG091701T6	0.608	14	6	2	6
EOG0917024B	0.595	14	6	2	6
EOG091707FG	0.308	14	6	2	6
EOG091707FP	0.855	14	6	2	6
EOG0917014Q	0.505	14	6	2	6
EOG091705GX	0.34	14	6	2	6
EOG0917014K	0.546	14	6	2	6
EOG0917014O	0.27	14	6	2	6
EOG091703U0	0.225	14	6	2	6
EOG091702NB	0.233	14	6	2	6
EOG091702NT	0.269	14	6	2	6
EOG091706BN	0.355	14	6	2	6
EOG091701VQ	0.287	14	6	2	6
EOG091701VW	0.383	14	6	2	6
EOG091703HL	0.242	14	6	2	6
EOG09170B7Y	0.235	14	6	2	6
EOG091706LD	0.247	13	6	1	6
EOG0917001O	0.517	14	6	2	6
EOG0917001X	0.259	14	6	2	6
EOG09170016	0.775	14	6	2	6
EOG09170014	0.275	12	5	1	6
EOG091700RS	0.481	14	6	2	6
EOG091700RR	0.753	14	6	2	6
EOG091700RU	0.21	14	6	2	6
EOG091702HZ	0.783	14	6	2	6
EOG091701PA	0.765	14	6	2	6
EOG091701PQ	0.257	13	5	2	6
EOG091701P2	0.425	14	6	2	6
EOG09170209	0.359	13	6	2	5
EOG0917007W	0.57	14	6	2	6
EOG091702U0	0.884	14	6	2	6
EOG091703Q5	0.215	14	6	2	6
EOG091703QW	0.359	14	6	2	6
EOG09170690	0.305	13	5	2	6
EOG091702JH	0.53	13	5	2	6
EOG091701RF	0.279	14	6	2	6
EOG091701R2	0.354	14	6	2	6
EOG0917022W	0.673	14	6	2	6
EOG091707X5	0.25	14	6	2	6
EOG0917019M	0.874	14	6	2	6
EOG0917019L	0.215	14	6	2	6
EOG0917005C	0.299	14	6	2	6
EOG0917005J	0.278	14	6	2	6
EOG091700VS	0.94	14	6	2	6
EOG091700VQ	0.243	9	4	1	4
EOG091700V5	0.854	14	6	2	6
EOG091701LX	0.575	14	6	2	6
EOG091705PI	0.476	14	6	2	6
EOG09170746	0.285	14	6	2	6
EOG091702QV	0.227	13	5	2	6
EOG091702QR	0.277	14	6	2	6
EOG091700TY	0.212	14	6	2	6
EOG091700T2	0.668	14	6	2	6
EOG091701NL	0.92	14	6	2	6
EOG0917015I	0.208	14	6	2	6
EOG091704UZ	0.209	9	3	2	4
EOG091704UK	0.257	12	6	2	4
EOG091700JG	0.246	14	6	2	6
EOG091701HM	0.201	14	6	2	6
EOG091701HO	0.385	13	5	2	6
EOG0917017H	0.418	13	5	2	6
EOG091705TU	0.258	13	6	2	5
EOG091704SP	0.765	14	6	2	6
EOG091703Y1	0.383	13	5	2	6
EOG091703YJ	0.301	13	6	1	6
EOG091703YO	0.318	14	6	2	6
EOG091700HE	0.941	14	6	2	6
EOG09170AA2	0.281	14	6	2	6
EOG0917011O	0.869	14	6	2	6
EOG0917011C	0.946	14	6	2	6
EOG091701J0	0.84	14	6	2	6
EOG09170110	0.248	14	6	2	6
EOG091707P2	0.295	13	5	2	6
EOG09170620	0.378	11	5	2	4
EOG091704OD	0.287	13	5	2	6
EOG091704QQ	0.261	13	5	2	6
EOG091700NV	0.547	14	6	2	6
EOG091700N7	0.693	14	6	2	6
EOG0917013S	0.804	14	6	2	6
EOG091706P8	0.283	12	6	1	5
EOG09170862	0.234	14	6	2	6
EOG0917086W	0.252	12	5	1	6
EOG09170A2O	0.708	14	6	2	6
EOG091702YL	0.417	14	6	2	6
EOG091703E7	0.541	14	6	2	6
EOG0917030H	0.247	14	6	2	6
EOG09170302	0.4	14	6	2	6
EOG091703EK	0.233	14	6	2	6
EOG091700LA	0.832	14	6	2	6
EOG091700LD	0.842	14	6	2	6
EOG091700LW	0.278	14	6	2	6
EOG091704HB	0.387	14	6	2	6
EOG091701FI	0.664	14	6	2	6
EOG091705ZB	0.263	7	3	1	3
EOG091705ZF	0.797	14	6	2	6
EOG091707TF	0.274	13	6	1	6
EOG09170720	0.255	11	5	2	4
EOG0917051B	0.237	14	6	2	6
EOG0917051Y	0.256	13	5	2	6
EOG0917072D	0.348	14	6	2	6
EOG091703CR	0.215	13	6	1	6
EOG091706T1	0.238	14	6	2	6
EOG091706TC	0.254	6	2	1	3
EOG09170538	0.245	13	5	2	6
EOG091702EG	0.308	14	6	2	6
EOG091706IX	0.251	14	6	2	6
EOG091707MV	0.297	14	6	2	6
EOG091704DW	0.829	12	5	2	5
EOG091704DF	0.271	11	4	2	5
EOG091701B4	0.207	14	6	2	6
EOG0917008A	0.247	14	6	2	6
EOG09170559	0.301	14	6	2	6
EOG0917055L	0.283	13	6	1	6
EOG091707Y6	0.743	14	6	2	6
EOG091702GO	0.422	14	6	2	6
EOG091703O7	0.256	14	6	2	6
EOG091706KE	0.592	11	4	2	5
EOG091700FG	0.255	14	6	2	6
EOG091704B7	0.907	14	6	2	6
EOG09170BMX	0.224	9	4	1	4
EOG091703MI	0.202	14	6	2	6
EOG09170388	0.297	14	6	2	6
EOG0917038O	0.273	14	6	2	6
EOG091707AH	0.245	14	6	2	6
EOG091700DV	0.594	14	6	2	6
EOG091700DC	0.418	14	6	2	6
EOG091705BJ	0.236	12	5	2	5
EOG091705BL	0.256	14	6	2	6
EOG091704M9	0.201	14	6	2	6
EOG091709FK	0.29	12	5	1	6
EOG091706FF	0.229	14	6	2	6
EOG091702C7	0.605	13	5	2	6
EOG091703K7	0.608	14	6	2	6
EOG091703K1	0.455	14	6	2	6
EOG091701U9	0.798	14	6	2	6
EOG0917090H	0.295	12	5	2	5
EOG0917002Y	0.594	14	6	2	6
EOG0917002C	0.335	14	6	2	6
EOG0917002L	0.712	14	6	2	6
EOG0917044E	0.288	14	6	2	6
EOG091703IM	0.329	14	6	2	6
EOG091703I1	0.465	12	5	1	6
EOG091701WQ	0.253	14	6	2	6
EOG091701WL	0.204	14	6	2	6
EOG091701WH	0.338	14	6	2	6
EOG09170256	0.443	14	6	2	6
EOG0917000S	0.305	14	6	2	6
EOG091703TX	0.897	14	6	2	6
EOG091706M4	0.247	13	6	1	6
EOG091706M2	0.362	14	6	2	6
EOG0917070V	0.273	13	6	1	6
EOG091701QK	0.25	14	6	2	6
EOG0917027I	0.223	14	6	2	6
EOG091704ZT	0.553	14	6	2	6
EOG091702TH	0.248	14	6	2	6
EOG091703RD	0.41	13	5	2	6
EOG091703RJ	0.928	14	6	2	6
EOG091703RT	0.337	14	6	2	6
EOG09170060	0.474	14	6	2	6
EOG0917006D	0.245	14	6	2	6
EOG0917006Z	0.235	14	6	2	6
EOG0917006S	0.217	14	6	2	6
EOG09170685	0.502	14	6	2	6
EOG0917068V	0.301	12	5	2	5
EOG0917068L	0.59	14	6	2	6
EOG091702IX	0.275	13	6	1	6
EOG091700S0	0.851	14	6	2	6
EOG091700S6	0.391	14	6	2	6
EOG091700SM	0.856	14	6	2	6
EOG091701ST	0.229	14	6	2	6
EOG09170218	0.208	14	6	2	6
EOG091702VX	0.356	14	6	2	6
EOG091704X2	0.325	9	4	2	3
EOG091704XE	0.212	12	5	2	5
EOG091704XF	0.786	14	6	2	6
EOG091703PZ	0.273	13	6	2	5
EOG0917004N	0.413	14	6	2	6
EOG0917004S	0.228	14	6	2	6
EOG0917004Y	0.827	14	6	2	6
EOG091700Q3	0.248	14	6	2	6
EOG091700QD	0.719	14	6	2	6
EOG091700QW	0.795	14	6	2	6
EOG0917018F	0.392	13	6	1	6
EOG09170452	0.4	14	6	2	6
EOG09170180	0.342	14	6	2	6
EOG0917023H	0.353	13	6	1	6
EOG091702PI	0.326	13	5	2	6
EOG09170ACP	0.763	13	5	2	6
EOG091704VH	0.271	14	6	2	6
EOG091706N5	0.26	13	5	2	6
EOG091709HO	0.457	8	4	1	3
EOG091700WN	0.257	12	5	2	5
EOG0917043Z	0.43	13	6	2	5
EOG091701OY	0.21	10	5	2	3
EOG091705SQ	0.212	14	6	2	6
EOG09170752	0.248	11	5	2	4
EOG091705N1	0.206	14	6	2	6
EOG091704KR	0.301	14	6	2	6
EOG0917037E	0.389	14	6	2	6
EOG091700U8	0.368	13	6	2	5
EOG091700UT	0.859	14	6	2	6
EOG091700UZ	0.392	14	6	2	6
EOG09170413	0.593	14	6	2	6
EOG09170419	0.357	14	6	2	6
EOG091705U0	0.3	14	6	2	6
EOG091705U9	0.355	14	6	2	6
EOG091703Z3	0.245	14	6	2	6
EOG091700KD	0.82	14	6	2	6
EOG091701KA	0.253	14	6	2	6
EOG091701K0	0.357	14	6	2	6
EOG0917029V	0.876	10	4	2	4
EOG09170165	0.363	14	6	2	6
EOG0917016W	0.44	14	6	2	6
EOG091704PO	0.351	14	6	2	6
EOG091703X7	0.823	14	6	2	6
EOG09170333	0.655	14	6	2	6
EOG091706OU	0.269	14	6	2	6
EOG091700IH	0.247	14	6	2	6
EOG091701EP	0.25	14	6	2	6
EOG091701EY	0.663	14	6	2	6
EOG0917010O	0.26	14	6	2	6
EOG0917010G	0.82	14	6	2	6
EOG0917010S	0.221	14	6	2	6
EOG091702XG	0.778	14	6	2	6
EOG0917064X	0.268	12	6	1	5
EOG0917031V	0.249	14	6	2	6
EOG0917031C	0.816	14	6	2	6
EOG09170ACH	0.293	13	6	1	6
EOG091700OM	0.226	14	6	2	6
EOG091701GR	0.571	14	6	2	6
EOG091706Y4	0.866	14	6	2	6
EOG09170121	0.406	14	6	2	6
EOG0917012D	0.361	14	6	2	6
EOG0917012W	0.21	14	6	2	6
EOG0917078P	0.201	13	6	1	6
EOG0917078W	0.257	6	3	1	2
EOG0917084J	0.611	14	6	2	6
