EOG091701AE	0.768	14	6	2	6
EOG0917050E	0.739	14	6	2	6
EOG091701CS	0.548	14	6	2	6
EOG091703NF	0.747	13	6	1	6
EOG0917056O	0.65	12	5	2	5
EOG09170567	0.804	12	6	2	4
EOG0917061A	0.538	13	6	1	6
EOG09170032	0.614	14	6	2	6
EOG091705GP	0.532	14	6	2	6
EOG0917014D	0.889	14	6	2	6
EOG091703UO	0.669	14	6	2	6
EOG091702NZ	0.787	14	6	2	6
EOG09170012	0.586	14	6	2	6
EOG091701P3	0.508	14	6	2	6
EOG0917046D	0.886	14	6	2	6
EOG091702UL	0.522	14	6	2	6
EOG091709OT	0.63	14	6	2	6
EOG091700PX	0.6	14	6	2	6
EOG091700PF	0.642	14	6	2	6
EOG091702JQ	0.55	14	6	2	6
EOG091702JE	0.565	13	5	2	6
EOG0917022C	0.692	14	6	2	6
EOG091702WF	0.632	14	6	2	6
EOG091705M0	0.724	14	6	2	6
EOG091701LM	0.668	14	6	2	6
EOG091701LD	0.901	14	6	2	6
EOG091701N6	0.573	14	6	2	6
EOG0917036D	0.666	13	6	2	5
EOG091708IZ	0.576	12	6	2	4
EOG09170640	0.586	14	6	2	6
EOG09170340	0.586	14	6	2	6
EOG091700HC	0.543	14	6	2	6
EOG0917032H	0.543	14	6	2	6
EOG0917032W	0.724	14	6	2	6
EOG091701DD	0.552	14	6	2	6
EOG091702Y6	0.554	14	6	2	6
EOG091702YM	0.764	14	6	2	6
EOG091702YA	0.557	14	6	2	6
EOG091702YX	0.576	14	6	2	6
EOG091702YV	0.779	14	6	2	6
EOG0917030Q	0.796	14	6	2	6
EOG091704HT	0.554	13	6	2	5
EOG091705AP	0.566	13	6	2	5
EOG091700BF	0.688	14	6	2	6
EOG091700BV	0.605	14	6	2	6
EOG091704FS	0.522	14	6	2	6
EOG091706TO	0.78	14	6	2	6
EOG091702EX	0.894	14	6	2	6
EOG091702EZ	0.556	12	4	2	6
EOG0917055K	0.742	14	6	2	6
EOG091703O0	0.793	14	6	2	6
EOG091700FD	0.848	14	6	2	6
EOG091702A9	0.625	13	6	2	5
EOG0917093E	0.568	12	6	1	5
EOG091703KW	0.776	14	6	2	6
EOG091703KC	0.535	11	5	1	5
EOG0917002B	0.654	14	6	2	6
EOG091703V7	0.554	14	6	2	6
EOG091702MX	0.714	14	6	2	6
EOG091701WS	0.62	14	6	2	6
EOG0917025M	0.52	14	6	2	6
EOG091703TS	0.527	14	6	2	6
EOG0917049X	0.595	14	6	2	6
EOG091706PR	0.559	12	6	2	4
EOG0917072P	0.561	14	6	2	6
EOG091702TI	0.501	12	5	2	5
EOG0917006U	0.875	14	6	2	6
EOG0917006Q	0.783	14	6	2	6
EOG091701S1	0.511	14	6	2	6
EOG091701S6	0.51	14	6	2	6
EOG0917021Q	0.674	13	6	1	6
EOG091702VX	0.609	14	6	2	6
EOG091704X9	0.669	14	6	2	6
EOG091704XV	0.823	14	6	2	6
EOG091700QM	0.517	14	6	2	6
EOG091700QQ	0.62	14	6	2	6
EOG091701M8	0.528	14	6	2	6
EOG0917018Q	0.642	14	6	2	6
EOG09170189	0.676	14	6	2	6
EOG0917023K	0.521	13	6	1	6
EOG091705QF	0.514	14	6	2	6
EOG091705LS	0.703	13	5	2	6
EOG091701IV	0.835	14	6	2	6
EOG091707SF	0.719	14	6	2	6
EOG091700KL	0.51	14	6	2	6
EOG091701KC	0.591	14	6	2	6
EOG0917033J	0.582	13	6	1	6
EOG091700IY	0.595	14	6	2	6
EOG091702XN	0.521	14	6	2	6
EOG091700OQ	0.865	14	6	2	6
EOG091700OD	0.642	14	6	2	6
EOG0917012O	0.787	14	6	2	6
EOG091707U2	0.54	14	6	2	6
