EOG091700MS	0.256	14	6	2	6
EOG091701AM	0.269	14	6	2	6
EOG091701AE	0.768	14	6	2	6
EOG0917050E	0.739	14	6	2	6
EOG091705DV	0.256	11	5	1	5
EOG091702D5	0.321	14	6	2	6
EOG091703BF	0.206	14	6	2	6
EOG091701CS	0.548	14	6	2	6
EOG091701CV	0.276	14	6	2	6
EOG091701CC	0.259	14	6	2	6
EOG091701C0	0.293	14	6	2	6
EOG091704G7	0.211	14	6	2	6
EOG0917052C	0.337	14	6	2	6
EOG091706JG	0.354	10	5	1	4
EOG091708QE	0.42	13	6	1	6
EOG091707L8	0.27	13	6	1	6
EOG091700AA	0.343	14	6	2	6
EOG091706ZI	0.213	9	4	2	3
EOG091704E5	0.411	14	6	2	6
EOG091704EE	0.263	14	6	2	6
EOG0917054K	0.315	14	6	2	6
EOG09170544	0.25	14	6	2	6
EOG091705AE	0.233	7	3	1	3
EOG09170155	0.307	14	6	2	6
EOG091700ZO	0.405	14	6	2	6
EOG091700ZM	0.378	14	6	2	6
EOG091700ZG	0.245	14	6	2	6
EOG091700ZR	0.253	13	6	2	5
EOG0917039W	0.264	14	6	2	6
EOG091703NF	0.747	13	6	1	6
EOG091703NH	0.282	14	6	2	6
EOG0917097Q	0.259	13	5	2	6
EOG091700GZ	0.408	14	6	2	6
EOG091706LJ	0.477	12	5	2	5
EOG091704CD	0.261	13	6	1	6
EOG091704CV	0.304	14	6	2	6
EOG091705C4	0.244	14	6	2	6
EOG0917056O	0.65	12	5	2	5
EOG09170567	0.804	12	6	2	4
EOG091705CY	0.283	14	6	2	6
EOG0917061A	0.538	13	6	1	6
EOG091700XY	0.328	8	4	1	3
EOG091701ZV	0.22	14	6	2	6
EOG091700EF	0.209	14	6	2	6
EOG091703WB	0.347	14	6	2	6
EOG0917061I	0.296	14	6	2	6
EOG091702LX	0.348	14	6	2	6
EOG091703J3	0.405	13	6	1	6
EOG091701T6	0.281	14	6	2	6
EOG09170939	0.212	14	6	2	6
EOG0917041T	0.242	14	6	2	6
EOG09170032	0.614	14	6	2	6
EOG091705GP	0.532	14	6	2	6
EOG0917014D	0.889	14	6	2	6
EOG0917003U	0.42	14	6	2	6
EOG0917003W	0.229	12	5	2	5
EOG0917014M	0.204	13	6	1	6
EOG091703UO	0.669	14	6	2	6
EOG091709CP	0.288	14	6	2	6
EOG091702NZ	0.787	14	6	2	6
EOG091706BH	0.283	13	6	1	6
EOG091701VO	0.306	14	6	2	6
EOG091701VX	0.341	14	6	2	6
EOG091706B6	0.238	13	5	2	6
EOG091707D5	0.201	13	5	2	6
EOG09170266	0.205	14	6	2	6
EOG0917048A	0.233	14	6	2	6
EOG0917048D	0.208	14	6	2	6
EOG091703H4	0.22	14	6	2	6
EOG091705I2	0.265	12	5	2	5
EOG09170012	0.586	14	6	2	6
EOG091701VE	0.275	14	6	2	6
EOG091703SG	0.287	14	6	2	6
EOG091703SL	0.464	12	4	2	6
EOG091706LT	0.26	13	6	1	6
EOG091702H9	0.25	14	6	2	6
EOG091701P3	0.508	14	6	2	6
EOG0917020Z	0.373	14	6	2	6
EOG0917046D	0.886	14	6	2	6
EOG0917046X	0.208	14	6	2	6
EOG0917007L	0.229	14	6	2	6
EOG091702UI	0.238	14	6	2	6
EOG091702UL	0.522	14	6	2	6
EOG091703Q0	0.234	13	6	2	5
EOG091709OT	0.63	14	6	2	6
EOG091700PP	0.261	14	6	2	6
EOG091700PX	0.6	14	6	2	6
EOG091700PF	0.642	14	6	2	6
EOG091702JQ	0.55	14	6	2	6
EOG091702JE	0.565	13	5	2	6
EOG091701RY	0.239	14	6	2	6
EOG0917022H	0.269	12	5	2	5
EOG0917022C	0.692	14	6	2	6
EOG0917019E	0.246	13	5	2	6
EOG091702WF	0.632	14	6	2	6
EOG091702WZ	0.435	13	5	2	6
EOG091705M0	0.724	14	6	2	6
EOG091700VT	0.352	14	6	2	6
EOG091700V7	0.469	14	6	2	6
EOG091701LW	0.328	14	6	2	6
EOG091701LM	0.668	14	6	2	6
EOG091706XC	0.296	14	6	2	6
EOG091701LB	0.212	14	6	2	6
EOG091701LD	0.901	14	6	2	6
EOG0917042L	0.244	14	6	2	6
EOG091705PQ	0.244	13	6	1	6
EOG091706L2	0.268	14	6	2	6
EOG091702QO	0.207	14	6	2	6
EOG091705O5	0.288	14	6	2	6
EOG091708KF	0.324	14	6	2	6
EOG0917060E	0.395	13	5	2	6
EOG091700T0	0.237	14	6	2	6
EOG091701N6	0.573	14	6	2	6
EOG0917015Q	0.347	14	6	2	6
EOG0917040Y	0.411	14	6	2	6
EOG0917040B	0.413	13	6	1	6
EOG091704UR	0.41	14	6	2	6
EOG091704U2	0.361	14	6	2	6
EOG091702S6	0.384	14	6	2	6
EOG091702SL	0.219	14	6	2	6
EOG0917036D	0.666	13	6	2	5
EOG091708IZ	0.576	12	6	2	4
EOG09170ADS	0.266	10	5	1	4
EOG091700JW	0.276	14	6	2	6
EOG091700JB	0.376	13	5	2	6
EOG09170640	0.586	14	6	2	6
EOG091701H5	0.383	14	6	2	6
EOG0917073Z	0.247	12	6	1	5
EOG0917017Y	0.276	14	6	2	6
EOG0917017Z	0.353	14	6	2	6
EOG0917028K	0.207	13	6	1	6
EOG0917095W	0.29	14	6	2	6
EOG0917034P	0.274	13	6	1	6
EOG0917034Y	0.314	14	6	2	6
EOG09170340	0.586	14	6	2	6
EOG091709W2	0.303	12	5	2	5
EOG091700HC	0.543	14	6	2	6
EOG091707QG	0.2	14	6	2	6
EOG091701J1	0.232	14	6	2	6
EOG091701JR	0.201	14	6	2	6
EOG091704L9	0.267	13	6	1	6
EOG091705VP	0.27	14	6	2	6
EOG0917061V	0.391	12	5	2	5
EOG0917080U	0.359	12	6	1	5
EOG0917080B	0.217	12	5	1	6
EOG091704QP	0.227	14	6	2	6
EOG0917032H	0.543	14	6	2	6
EOG0917032W	0.724	14	6	2	6
EOG091708MF	0.337	13	6	2	5
EOG0917013N	0.445	14	6	2	6
EOG091701DD	0.552	14	6	2	6
EOG091707ZX	0.393	13	6	1	6
EOG091707VK	0.269	13	6	1	6
EOG09170A2F	0.33	14	6	2	6
EOG09170A2N	0.258	13	5	2	6
EOG091705HX	0.229	14	6	2	6
EOG091702Y6	0.554	14	6	2	6
EOG091702YM	0.764	14	6	2	6
EOG091702YA	0.557	14	6	2	6
EOG091702YX	0.576	14	6	2	6
EOG091702YV	0.779	14	6	2	6
EOG091703E9	0.215	13	6	1	6
EOG0917030X	0.33	13	6	2	5
EOG0917030S	0.207	14	6	2	6
EOG0917030Q	0.796	14	6	2	6
EOG09170ABL	0.356	14	6	2	6
EOG091700LJ	0.286	14	6	2	6
EOG091700LV	0.372	14	6	2	6
EOG091704HS	0.311	14	6	2	6
EOG091704HU	0.226	14	6	2	6
EOG091704HT	0.554	13	6	2	5
EOG091701FD	0.224	13	6	2	5
EOG091705Z3	0.32	13	5	2	6
EOG09170512	0.205	7	4	2	1
EOG0917051K	0.45	14	6	2	6
EOG091703CH	0.367	14	6	2	6
EOG091705AP	0.566	13	6	2	5
EOG091708LB	0.491	14	6	2	6
EOG091708LI	0.317	14	6	2	6
EOG091707OB	0.316	14	6	2	6
EOG091700BF	0.688	14	6	2	6
EOG091700BV	0.605	14	6	2	6
EOG091704FS	0.522	14	6	2	6
EOG091706TO	0.78	14	6	2	6
EOG09170AEV	0.357	13	5	2	6
EOG0917053M	0.237	14	6	2	6
EOG0917053X	0.371	9	4	2	3
EOG091702EX	0.894	14	6	2	6
EOG091702EZ	0.556	12	4	2	6
EOG091702EP	0.352	14	6	2	6
EOG091702EU	0.382	14	6	2	6
EOG091703A6	0.309	14	6	2	6
EOG091706I0	0.292	14	6	2	6
EOG091706IM	0.316	14	6	2	6
EOG091705KX	0.286	9	4	2	3
EOG091704DU	0.218	14	6	2	6
EOG091704DP	0.358	13	6	1	6
EOG091701BK	0.258	14	6	2	6
EOG09170089	0.376	14	6	2	6
EOG09170086	0.459	14	6	2	6
EOG091706EA	0.281	14	6	2	6
EOG091706EC	0.223	13	5	2	6
EOG09170888	0.369	14	6	2	6
EOG0917055K	0.742	14	6	2	6
EOG091702G1	0.262	14	6	2	6
EOG091702GR	0.242	14	6	2	6
EOG091702GW	0.248	14	6	2	6
EOG091702GN	0.274	14	6	2	6
EOG091703OQ	0.481	13	5	2	6
EOG091703O3	0.345	14	6	2	6
EOG091703O0	0.793	14	6	2	6
EOG091703O8	0.427	14	6	2	6
EOG091704QA	0.465	14	6	2	6
EOG0917039D	0.222	14	6	2	6
EOG091701XC	0.353	13	6	2	5
EOG091700FX	0.349	14	6	2	6
EOG091700FT	0.343	14	6	2	6
EOG091700FD	0.848	14	6	2	6
EOG091704BP	0.231	14	6	2	6
EOG091704B5	0.463	10	4	1	5
EOG09170717	0.236	13	6	1	6
EOG091702A9	0.625	13	6	2	5
EOG091702AT	0.235	14	6	2	6
EOG091705IX	0.214	14	6	2	6
EOG091700D9	0.286	14	6	2	6
EOG091700DS	0.409	14	6	2	6
EOG09170590	0.2	14	6	2	6
EOG09170598	0.213	12	5	2	5
EOG0917059O	0.207	13	6	2	5
EOG0917093E	0.568	12	6	1	5
EOG091702CI	0.485	13	6	2	5
EOG091702CZ	0.41	14	6	2	6
EOG091703KW	0.776	14	6	2	6
EOG091703KC	0.535	11	5	1	5
EOG091700YE	0.33	14	6	2	6
EOG091701U2	0.257	13	5	2	6
EOG091706GD	0.202	13	6	1	6
EOG091701UR	0.481	14	6	2	6
EOG091701UG	0.205	8	4	2	2
EOG0917090J	0.267	12	6	2	4
EOG0917002B	0.654	14	6	2	6
EOG091703V1	0.22	13	5	2	6
EOG091703V7	0.554	14	6	2	6
EOG091702MM	0.201	13	5	2	6
EOG091702MP	0.48	14	6	2	6
EOG091702MX	0.714	14	6	2	6
EOG0917044O	0.242	13	6	1	6
EOG091707YX	0.34	14	6	2	6
EOG091701W6	0.411	14	6	2	6
EOG091701WS	0.62	14	6	2	6
EOG091701WY	0.258	14	6	2	6
EOG091701WX	0.3	14	6	2	6
EOG0917025M	0.52	14	6	2	6
EOG0917000E	0.236	14	6	2	6
EOG091703TF	0.263	14	6	2	6
EOG091703TD	0.219	13	5	2	6
EOG091703TS	0.527	14	6	2	6
EOG091703TU	0.261	14	6	2	6
EOG091705FM	0.232	10	4	2	4
EOG091705FV	0.2	14	6	2	6
EOG091702OM	0.354	7	4	1	2
EOG091704JU	0.336	14	6	2	6
EOG091701Q0	0.222	14	6	2	6
EOG0917049X	0.595	14	6	2	6
EOG091701QF	0.284	14	6	2	6
EOG091706PR	0.559	12	6	2	4
EOG091704ZB	0.455	14	6	2	6
EOG0917072P	0.561	14	6	2	6
EOG091702TI	0.501	12	5	2	5
EOG091702TB	0.204	13	5	2	6
EOG091702TF	0.243	14	6	2	6
EOG0917006O	0.217	14	6	2	6
EOG0917006U	0.875	14	6	2	6
EOG0917006Q	0.783	14	6	2	6
EOG091701S1	0.511	14	6	2	6
EOG091701S6	0.51	14	6	2	6
EOG091705MT	0.251	13	6	1	6
EOG091701SG	0.476	14	6	2	6
EOG091701SQ	0.396	13	6	2	5
EOG09170211	0.26	14	6	2	6
EOG0917064K	0.309	14	6	2	6
EOG0917021Q	0.674	13	6	1	6
EOG091707YG	0.367	14	6	2	6
EOG09170866	0.257	14	6	2	6
EOG09170B2H	0.282	13	6	2	5
EOG091702VX	0.609	14	6	2	6
EOG091704X9	0.669	14	6	2	6
EOG091704XV	0.823	14	6	2	6
EOG091703PN	0.261	14	6	2	6
EOG091703PA	0.383	14	6	2	6
EOG0917004V	0.263	14	6	2	6
EOG091705JD	0.26	13	5	2	6
EOG091700QM	0.517	14	6	2	6
EOG091700QE	0.283	14	6	2	6
EOG091700QQ	0.62	14	6	2	6
EOG091701M8	0.528	14	6	2	6
EOG0917018Q	0.642	14	6	2	6
EOG09170189	0.676	14	6	2	6
EOG091701ML	0.213	14	6	2	6
EOG091701MF	0.258	14	6	2	6
EOG09170238	0.49	14	6	2	6
EOG0917023R	0.234	14	6	2	6
EOG0917023K	0.521	13	6	1	6
EOG091705QL	0.436	14	6	2	6
EOG091705QF	0.514	14	6	2	6
EOG091706DQ	0.444	14	6	2	6
EOG091708JH	0.437	8	4	2	2
EOG091705LS	0.703	13	5	2	6
EOG091709H5	0.272	14	6	2	6
EOG091700W8	0.434	7	4	1	2
EOG0917091N	0.364	14	6	2	6
EOG091701O5	0.214	13	5	2	6
EOG0917043U	0.253	13	5	2	6
EOG0917065O	0.217	13	6	1	6
EOG091705SQ	0.216	14	6	2	6
EOG091704T2	0.202	12	6	2	4
EOG091704KO	0.482	12	5	1	6
EOG091700U2	0.253	14	6	2	6
EOG091700US	0.321	13	6	2	5
EOG091701I4	0.482	14	6	2	6
EOG091708C2	0.202	14	6	2	6
EOG09170148	0.26	14	6	2	6
EOG091701IV	0.835	14	6	2	6
EOG091701IL	0.365	14	6	2	6
EOG091707SF	0.719	14	6	2	6
EOG091704RV	0.251	14	6	2	6
EOG0917045S	0.486	14	6	2	6
EOG091703ZS	0.266	14	6	2	6
EOG091700KX	0.274	14	6	2	6
EOG091700KQ	0.224	14	6	2	6
EOG091700KL	0.51	14	6	2	6
EOG091701KC	0.591	14	6	2	6
EOG0917029E	0.456	14	6	2	6
EOG0917029V	0.202	10	4	2	4
EOG09170163	0.394	14	6	2	6
EOG09170160	0.277	14	6	2	6
EOG0917016F	0.237	14	6	2	6
EOG0917016G	0.441	13	6	2	5
EOG0917016Q	0.353	14	6	2	6
EOG0917083X	0.235	14	6	2	6
EOG09170A1L	0.235	12	6	1	5
EOG091705WU	0.208	14	6	2	6
EOG0917085H	0.217	14	6	2	6
EOG0917033J	0.582	13	6	1	6
EOG091700IY	0.595	14	6	2	6
EOG091701EL	0.315	14	6	2	6
EOG0917010U	0.262	14	6	2	6
EOG0917081P	0.206	13	6	1	6
EOG091706RZ	0.298	13	6	2	5
EOG091702XN	0.521	14	6	2	6
EOG091700OQ	0.865	14	6	2	6
EOG091700OD	0.642	14	6	2	6
EOG091706QX	0.279	14	6	2	6
EOG091706QZ	0.389	14	6	2	6
EOG091701G1	0.402	13	6	2	5
EOG091701G2	0.25	14	6	2	6
EOG091701G8	0.2	14	6	2	6
EOG0917012O	0.787	14	6	2	6
EOG0917012L	0.2	13	5	2	6
EOG0917012T	0.229	12	6	2	4
EOG091707U2	0.54	14	6	2	6
EOG0917078Q	0.346	14	6	2	6
EOG091706YP	0.213	13	6	1	6
EOG091707HM	0.215	14	6	2	6
