EOG091700MY	0.821	14	6	2	6
EOG091700MU	0.813	12	6	1	5
EOG091700M4	0.672	14	6	2	6
EOG091701AY	0.779	14	6	2	6
EOG091701AF	0.916	14	6	2	6
EOG091704IO	0.763	8	3	2	3
EOG0917085X	0.501	13	6	1	6
EOG091705DF	0.602	14	6	2	6
EOG091705DH	0.782	14	6	2	6
EOG091703BU	0.884	10	4	1	5
EOG091706SJ	0.769	14	6	2	6
EOG091706HL	0.63	13	6	1	6
EOG091707NG	0.698	14	6	2	6
EOG091700CA	0.734	14	6	2	6
EOG091700C0	0.598	14	6	2	6
EOG091701CU	0.569	14	6	2	6
EOG091701CZ	0.657	14	6	2	6
EOG091706U3	0.532	14	6	2	6
EOG091706S6	0.578	14	6	2	6
EOG091704G3	0.912	14	6	2	6
EOG091704GC	0.786	14	6	2	6
EOG0917052T	0.673	14	6	2	6
EOG09170525	0.859	14	6	2	6
EOG091702FN	0.621	14	6	2	6
EOG091702F4	0.813	11	5	2	4
EOG091702F2	0.73	14	6	2	6
EOG091706JE	0.519	13	6	1	6
EOG091704EQ	0.609	13	5	2	6
EOG0917009I	0.882	14	6	2	6
EOG09170BL3	0.656	10	6	0	4
EOG091709ET	0.921	14	6	2	6
EOG091700Z7	0.769	14	6	2	6
EOG0917039F	0.911	14	6	2	6
EOG091701XN	0.518	14	6	2	6
EOG091701XO	0.808	14	6	2	6
EOG091702M1	0.842	14	6	2	6
EOG091703N4	0.581	14	6	2	6
EOG091703NM	0.687	13	6	1	6
EOG091705NY	0.513	12	6	1	5
EOG091701X4	0.865	13	6	1	6
EOG091701X3	0.544	14	6	2	6
EOG0917097R	0.853	12	6	0	6
EOG091709XT	0.595	13	6	1	6
EOG091709XW	0.596	14	6	2	6
EOG0917056F	0.882	14	6	2	6
EOG0917070Z	0.815	13	6	1	6
EOG0917070X	0.693	12	5	1	6
EOG091705CD	0.846	13	5	2	6
EOG091705CB	0.783	10	6	1	3
EOG091705GI	0.925	14	6	2	6
EOG091705GO	0.693	14	6	2	6
EOG091700XN	0.699	14	6	2	6
EOG091702B5	0.845	11	6	0	5
EOG091702BC	0.756	14	6	2	6
EOG091706N8	0.698	10	4	1	5
EOG091701Z4	0.792	14	6	2	6
EOG09170914	0.806	9	4	0	5
EOG091700EQ	0.562	11	5	0	6
EOG091700E8	0.894	14	6	2	6
EOG091706D4	0.508	13	5	2	6
EOG091708VG	0.606	10	5	1	4
EOG091704AN	0.509	14	6	2	6
EOG091704AX	0.618	14	6	2	6
EOG0917058Z	0.908	14	6	2	6
EOG091705EK	0.611	14	6	2	6
EOG091703WN	0.641	14	6	2	6
EOG091703WS	0.527	14	6	2	6
EOG091708CK	0.593	14	6	2	6
EOG091702L7	0.624	13	6	1	6
EOG091702LG	0.862	14	6	2	6
EOG091701TN	0.643	13	6	1	6
EOG091701T0	0.535	14	6	2	6
EOG09170248	0.904	14	6	2	6
EOG09170246	0.639	14	6	2	6
EOG09170AW3	0.849	12	6	0	6
EOG091707FQ	0.516	12	6	0	6
EOG0917003B	0.776	14	6	2	6
EOG091703U6	0.53	14	6	2	6
EOG091702N0	0.699	14	6	2	6
EOG091702NY	0.679	13	5	2	6
EOG091701VH	0.628	13	6	1	6
EOG091706B0	0.728	13	6	1	6
EOG09170487	0.91	14	6	2	6
EOG091707DV	0.901	14	6	2	6
EOG0917026Q	0.797	12	6	1	5
EOG0917048M	0.89	14	6	2	6
EOG0917048F	0.678	14	6	2	6
EOG0917048X	0.603	13	5	2	6
EOG0917048Z	0.779	14	6	2	6
EOG091705IV	0.659	14	6	2	6
EOG091705IT	0.555	14	6	2	6
EOG091707S3	0.829	11	5	0	6
EOG09170019	0.591	14	6	2	6
EOG091703ST	0.875	14	6	2	6
EOG091706LU	0.644	14	6	2	6
EOG091701V1	0.695	14	6	2	6
EOG091702HR	0.66	14	6	2	6
EOG091701PS	0.625	14	6	2	6
EOG0917020D	0.76	14	6	2	6
EOG0917020O	0.667	14	6	2	6
EOG091709UZ	0.548	12	5	2	5
EOG0917046J	0.556	14	6	2	6
EOG0917046I	0.594	14	6	2	6
EOG0917007O	0.639	14	6	2	6
EOG0917007I	0.9	14	6	2	6
EOG0917007F	0.745	14	6	2	6
EOG091708W3	0.87	14	6	2	6
EOG0917069A	0.688	13	6	1	6
EOG091703QY	0.577	13	6	1	6
EOG091703QR	0.881	13	6	1	6
EOG091703QF	0.817	13	6	1	6
EOG091700PW	0.723	14	6	2	6
EOG091700PQ	0.892	14	6	2	6
EOG091702J2	0.702	7	3	1	3
EOG091702JP	0.84	14	6	2	6
EOG091701RE	0.633	14	6	2	6
EOG091701RI	0.904	14	6	2	6
EOG091701R7	0.82	13	6	1	6
EOG09170196	0.662	14	6	2	6
EOG09170190	0.725	14	6	2	6
EOG0917022F	0.829	14	6	2	6
EOG0917044Y	0.673	14	6	2	6
EOG091704YM	0.81	14	6	2	6
EOG091704YV	0.743	14	6	2	6
EOG091705MB	0.594	14	6	2	6
EOG091702WM	0.666	14	6	2	6
EOG091702WW	0.536	14	6	2	6
EOG09170056	0.881	14	6	2	6
EOG091708EN	0.9	13	6	1	6
EOG091700VO	0.543	14	6	2	6
EOG091700VF	0.702	14	6	2	6
EOG091700VZ	0.622	14	6	2	6
EOG091701L2	0.516	14	6	2	6
EOG091701L3	0.527	14	6	2	6
EOG091701L5	0.693	14	6	2	6
EOG09170429	0.592	13	6	1	6
EOG091708N2	0.748	7	4	0	3
EOG091705PA	0.869	12	5	1	6
EOG091705PB	0.647	14	6	2	6
EOG091706L5	0.549	13	6	1	6
EOG091704WS	0.865	14	6	2	6
EOG091702Q0	0.553	14	6	2	6
EOG091702QP	0.934	14	6	2	6
EOG091708K0	0.516	11	6	1	4
EOG091708KL	0.52	13	6	1	6
EOG091707RV	0.629	13	5	2	6
EOG091705IK	0.738	13	6	2	5
EOG0917060B	0.873	12	6	0	6
EOG0917060K	0.536	13	6	2	5
EOG091700TE	0.726	14	6	2	6
EOG091700TQ	0.742	14	6	2	6
EOG091701NW	0.883	13	5	2	6
EOG09170151	0.582	14	6	2	6
EOG0917015O	0.615	14	6	2	6
EOG091706CN	0.775	14	6	2	6
EOG091705R4	0.661	7	3	1	3
EOG091702SW	0.9	14	6	2	6
EOG091706VF	0.715	14	6	2	6
EOG0917036E	0.639	14	6	2	6
EOG0917073E	0.532	13	6	1	6
EOG09170175	0.661	14	6	2	6
EOG091704NE	0.874	12	6	1	5
EOG0917017W	0.704	14	6	2	6
EOG091705TP	0.65	13	6	1	6
EOG0917028M	0.522	10	4	0	6
EOG091705T8	0.818	13	6	2	5
EOG091705T9	0.884	14	6	2	6
EOG0917082N	0.576	12	6	0	6
EOG09170A6N	0.733	14	6	2	6
EOG091704SS	0.572	8	4	1	3
EOG091704SI	0.667	9	5	0	4
EOG0917095S	0.531	10	5	0	5
EOG09170881	0.551	5	2	0	3
EOG091703YE	0.895	13	6	1	6
EOG091703YI	0.844	11	5	0	6
EOG091700H6	0.521	14	6	2	6
EOG09170AF2	0.649	12	6	1	5
EOG091707QH	0.906	13	6	1	6
EOG0917011L	0.653	14	6	2	6
EOG0917088T	0.715	12	5	1	6
EOG09170118	0.697	8	4	1	3
EOG09170115	0.907	13	6	1	6
EOG091705VH	0.83	13	6	1	6
EOG0917061P	0.676	11	6	0	5
EOG0917061T	0.884	14	6	2	6
EOG091705V5	0.86	14	6	2	6
EOG091704QM	0.603	14	6	2	6
EOG091703G5	0.526	14	6	2	6
EOG09170630	0.795	13	6	1	6
EOG09170329	0.825	13	5	2	6
EOG091703GL	0.694	14	6	2	6
EOG091703GC	0.512	13	5	2	6
EOG091703GB	0.841	13	6	1	6
EOG091703GE	0.603	14	6	2	6
EOG091709QV	0.846	11	5	0	6
EOG091709QL	0.828	12	6	0	6
EOG091700NS	0.87	14	6	2	6
EOG091700NF	0.913	13	6	1	6
EOG091700NB	0.754	14	6	2	6
EOG0917013G	0.566	14	6	2	6
EOG0917013I	0.808	14	6	2	6
EOG091704JX	0.628	14	6	2	6
EOG091701D1	0.742	14	6	2	6
EOG091705X7	0.781	11	6	0	5
EOG091707ZI	0.838	9	5	0	4
EOG091707ZG	0.818	11	5	1	5
EOG091705HA	0.717	11	4	1	6
EOG09170658	0.597	14	6	2	6
EOG09170306	0.544	14	6	2	6
EOG09170307	0.864	13	6	1	6
EOG091703EE	0.871	12	5	1	6
EOG091703EG	0.648	14	6	2	6
EOG091700L6	0.717	14	6	2	6
EOG091700LQ	0.594	14	6	2	6
EOG091704HH	0.818	12	5	1	6
EOG091706R8	0.709	7	3	1	3
EOG091701FN	0.513	12	5	1	6
EOG091708U5	0.76	12	6	0	6
EOG091707TR	0.595	14	6	2	6
EOG0917051X	0.7	14	6	2	6
EOG091703C8	0.799	12	5	1	6
EOG091708QT	0.526	11	6	0	5
EOG091707O8	0.664	14	6	2	6
EOG091707OU	0.639	7	2	1	4
EOG091700B0	0.623	14	6	2	6
EOG091704FQ	0.841	14	6	2	6
EOG091704FT	0.61	14	6	2	6
EOG0917072I	0.872	12	5	1	6
EOG091704L5	0.734	14	6	2	6
EOG0917072M	0.897	14	6	2	6
EOG091702E5	0.608	12	5	2	5
EOG091702EH	0.781	14	6	2	6
EOG091706I1	0.571	14	6	2	6
EOG091706E5	0.904	13	5	2	6
EOG0917062T	0.795	13	6	1	6
EOG091701B2	0.804	13	6	1	6
EOG091706V8	0.881	12	6	0	6
EOG091701BC	0.705	14	6	2	6
EOG091704D7	0.601	12	6	2	4
EOG091704D1	0.652	13	6	1	6
EOG0917008O	0.857	14	6	2	6
EOG09170087	0.526	14	6	2	6
EOG09170550	0.637	13	6	1	6
EOG09170BC5	0.722	11	5	0	6
EOG091702G9	0.713	13	5	2	6
EOG091702GJ	0.859	13	6	1	6
EOG091703OH	0.882	13	6	1	6
EOG091703O1	0.63	14	6	2	6
EOG091707CR	0.878	13	6	1	6
EOG091701XH	0.745	14	6	2	6
EOG091707CO	0.871	13	6	1	6
EOG091701XU	0.862	14	6	2	6
EOG091707YT	0.798	12	6	0	6
EOG091700FO	0.704	14	6	2	6
EOG091700FL	0.505	14	6	2	6
EOG091704BZ	0.58	12	5	1	6
EOG0917071M	0.858	11	4	1	6
EOG09170571	0.565	13	6	1	6
EOG0917057T	0.897	14	6	2	6
EOG0917057O	0.728	13	6	2	5
EOG0917057A	0.82	14	6	2	6
EOG0917057D	0.834	13	6	1	6
EOG09170BM6	0.718	7	3	1	3
EOG09170ARM	0.707	10	4	2	4
EOG091703MR	0.571	13	5	2	6
EOG091703MZ	0.892	14	6	2	6
EOG091703M1	0.632	13	5	2	6
EOG0917038F	0.516	13	6	1	6
EOG0917096G	0.884	12	6	0	6
EOG091700D5	0.841	11	3	2	6
EOG091700D8	0.908	14	6	2	6
EOG0917077P	0.536	9	5	0	4
EOG09170593	0.832	9	3	1	5
EOG091709FW	0.809	9	4	0	5
EOG091702CG	0.582	12	6	0	6
EOG091706FI	0.862	13	5	2	6
EOG091702C9	0.593	14	6	2	6
EOG091703KH	0.516	14	6	2	6
EOG091700Y5	0.901	14	6	2	6
EOG091700YP	0.532	14	6	2	6
EOG091700YX	0.887	14	6	2	6
EOG091701UP	0.687	13	5	2	6
EOG091701UW	0.526	14	6	2	6
EOG091701UV	0.502	14	6	2	6
EOG091701UJ	0.87	14	6	2	6
EOG0917090P	0.697	5	2	0	3
EOG09170ATB	0.684	6	4	0	2
EOG091706C1	0.743	10	4	1	5
EOG0917002V	0.892	13	6	1	6
EOG091707XI	0.919	13	6	1	6
EOG091703V5	0.871	14	6	2	6
EOG091703IU	0.545	14	6	2	6
EOG0917044U	0.656	13	6	1	6
EOG091701WN	0.605	14	6	2	6
EOG091707E7	0.823	13	5	2	6
EOG091707E6	0.654	12	5	1	6
EOG091707ET	0.779	13	5	2	6
EOG091707EW	0.553	14	6	2	6
EOG091708WO	0.851	12	6	0	6
EOG0917000H	0.621	14	6	2	6
EOG091705FJ	0.802	13	6	1	6
EOG091705FK	0.528	9	6	0	3
EOG091705FB	0.806	14	6	2	6
EOG091709BT	0.645	14	6	2	6
EOG091709BB	0.811	14	6	2	6
EOG091709B9	0.791	8	4	1	3
EOG091706EI	0.648	12	6	0	6
EOG09170AME	0.524	5	3	0	2
EOG09170AMQ	0.565	11	4	1	6
EOG0917049D	0.693	14	6	2	6
EOG0917049P	0.583	14	6	2	6
EOG09170496	0.9	12	6	0	6
EOG09170277	0.753	12	5	1	6
EOG0917027C	0.754	14	6	2	6
EOG0917027M	0.882	14	6	2	6
EOG091708LV	0.603	13	6	1	6
EOG091702TO	0.767	14	6	2	6
EOG091702T1	0.599	14	6	2	6
EOG091702T6	0.818	14	6	2	6
EOG091702T4	0.672	14	6	2	6
EOG091703RB	0.873	14	6	2	6
EOG091705H2	0.819	13	6	2	5
EOG091705H5	0.885	12	6	1	5
EOG0917006R	0.828	14	6	2	6
EOG09170688	0.81	12	5	1	6
EOG0917068E	0.737	14	6	2	6
EOG091700S7	0.801	14	6	2	6
EOG091700SP	0.846	14	6	2	6
EOG091700SS	0.852	14	6	2	6
EOG091700SW	0.751	12	6	1	5
EOG091701S5	0.907	13	6	1	6
EOG0917047W	0.876	13	5	2	6
EOG091701SJ	0.61	14	6	2	6
EOG0917021D	0.663	13	6	1	6
EOG0917045Q	0.631	13	5	2	6
EOG091702VZ	0.711	12	6	1	5
EOG091704XC	0.723	13	6	1	6
EOG091704XU	0.64	13	6	1	6
EOG091702V9	0.882	12	5	1	6
EOG091706GM	0.75	13	6	1	6
EOG09170044	0.751	14	6	2	6
EOG09170047	0.696	14	6	2	6
EOG0917004R	0.875	14	6	2	6
EOG091703P2	0.654	10	5	1	4
EOG09170980	0.908	13	6	1	6
EOG091702K6	0.859	11	4	1	6
EOG091700QI	0.502	13	5	2	6
EOG091700QG	0.734	14	6	2	6
EOG09170185	0.883	14	6	2	6
EOG09170188	0.601	14	6	2	6
EOG0917023X	0.515	14	6	2	6
EOG091702PJ	0.898	14	6	2	6
EOG091702PV	0.715	14	6	2	6
EOG0917075S	0.824	12	6	1	5
EOG091704VK	0.755	13	5	2	6
EOG091704VS	0.529	13	5	2	6
EOG091702P5	0.755	14	6	2	6
EOG091708JC	0.538	13	5	2	6
EOG091708JB	0.744	12	5	1	6
EOG091708JL	0.757	12	5	1	6
EOG091705L5	0.554	6	3	1	2
EOG091709HB	0.781	12	6	1	5
EOG09170AKV	0.813	7	3	1	3
EOG09170431	0.65	13	6	1	6
EOG09170432	0.906	14	6	2	6
EOG091705S8	0.783	14	6	2	6
EOG091705S2	0.536	12	4	2	6
EOG09170750	0.593	13	6	1	6
EOG091704T5	0.514	14	6	2	6
EOG091704TO	0.794	12	5	1	6
EOG091704KW	0.919	13	6	1	6
EOG09170374	0.813	12	5	1	6
EOG091706XP	0.698	14	6	2	6
EOG091706XK	0.828	13	6	1	6
EOG091700UP	0.654	9	4	1	4
EOG0917014R	0.826	13	6	1	6
EOG0917014Z	0.897	13	6	1	6
EOG0917041Z	0.849	13	5	2	6
EOG0917014A	0.671	14	6	2	6
EOG0917041O	0.922	14	6	2	6
EOG09170410	0.858	14	6	2	6
EOG091707SG	0.66	12	5	1	6
EOG091707S6	0.773	12	5	1	6
EOG0917063K	0.649	14	6	2	6
EOG091704R8	0.781	13	5	2	6
EOG0917060N	0.87	14	6	2	6
EOG091708YG	0.913	13	6	2	5
EOG09170AGU	0.547	12	6	1	5
EOG091701KQ	0.583	14	6	2	6
EOG091701KW	0.526	14	6	2	6
EOG0917016H	0.817	14	6	2	6
EOG091707Q4	0.633	13	6	1	6
EOG09170A1G	0.783	9	5	0	4
EOG091705WJ	0.818	14	6	2	6
EOG091704PQ	0.822	13	6	1	6
EOG091704PV	0.603	8	4	1	3
EOG091704PZ	0.745	13	6	1	6
EOG0917033P	0.548	7	3	1	3
EOG09170AA4	0.533	9	2	1	6
EOG091700IX	0.82	10	6	1	3
EOG091701EZ	0.63	14	6	2	6
EOG091704M1	0.766	13	6	1	6
EOG0917010B	0.64	14	6	2	6
EOG0917010T	0.775	14	6	2	6
EOG091705Y2	0.576	7	4	0	3
EOG091702XS	0.582	13	6	1	6
EOG091703FF	0.733	13	5	2	6
EOG09170315	0.5	14	6	2	6
EOG0917093U	0.701	12	6	0	6
EOG091700OC	0.88	13	6	1	6
EOG091700OH	0.543	14	6	2	6
EOG091707TM	0.665	13	5	2	6
EOG091706Y2	0.597	13	6	1	6
EOG091702ZS	0.582	12	5	1	6
EOG09170667	0.682	12	5	1	6
EOG091707HR	0.738	12	4	2	6
EOG091707HP	0.862	13	5	2	6
EOG0917084Q	0.618	10	5	1	4
