EOG091700MY	0.821	14	6	2	6
EOG091700MU	0.813	12	6	1	5
EOG091700M4	0.672	14	6	2	6
EOG091701AY	0.779	14	6	2	6
EOG091701AS	0.212	13	6	1	6
EOG091701AI	0.479	14	6	2	6
EOG091701AF	0.916	14	6	2	6
EOG091701A1	0.218	14	6	2	6
EOG091704IP	0.466	13	6	1	6
EOG091704IO	0.763	8	3	2	3
EOG0917085X	0.501	13	6	1	6
EOG091705DU	0.459	13	6	1	6
EOG091705DE	0.307	13	5	2	6
EOG091705DF	0.602	14	6	2	6
EOG091705DH	0.782	14	6	2	6
EOG091705D2	0.279	14	6	2	6
EOG091703BU	0.884	10	4	1	5
EOG091703BE	0.457	13	5	2	6
EOG091706SJ	0.769	14	6	2	6
EOG091706PQ	0.256	14	6	2	6
EOG091706HL	0.63	13	6	1	6
EOG091706H1	0.405	9	4	1	4
EOG091707NF	0.279	13	6	1	6
EOG091707NG	0.698	14	6	2	6
EOG091707NV	0.34	14	6	2	6
EOG091707N6	0.279	12	5	1	6
EOG091700CA	0.734	14	6	2	6
EOG091700CG	0.304	14	6	2	6
EOG091708R7	0.276	12	5	2	5
EOG091707FM	0.482	10	4	1	5
EOG091700C0	0.598	14	6	2	6
EOG091700C4	0.258	14	6	2	6
EOG091701CU	0.569	14	6	2	6
EOG091701CZ	0.657	14	6	2	6
EOG091701C8	0.215	9	5	2	2
EOG091706U3	0.532	14	6	2	6
EOG091706S6	0.578	14	6	2	6
EOG091704G3	0.912	14	6	2	6
EOG091704G9	0.308	14	6	2	6
EOG091704GC	0.786	14	6	2	6
EOG091704GI	0.397	14	6	2	6
EOG0917052T	0.673	14	6	2	6
EOG09170525	0.859	14	6	2	6
EOG091702FN	0.621	14	6	2	6
EOG091702F4	0.813	11	5	2	4
EOG091702F2	0.73	14	6	2	6
EOG091706FH	0.411	13	6	1	6
EOG091706JO	0.393	14	6	2	6
EOG091706JE	0.519	13	6	1	6
EOG091700AM	0.261	14	6	2	6
EOG091700AG	0.368	14	6	2	6
EOG091706ZJ	0.238	11	5	1	5
EOG091704EQ	0.609	13	5	2	6
EOG09170099	0.26	14	6	2	6
EOG0917009C	0.367	14	6	2	6
EOG091705AY	0.245	11	4	1	6
EOG0917009F	0.423	14	6	2	6
EOG0917009E	0.456	14	6	2	6
EOG0917009I	0.882	14	6	2	6
EOG0917009L	0.476	14	6	2	6
EOG0917009S	0.446	14	6	2	6
EOG09170BL3	0.656	10	6	0	4
EOG091709ET	0.921	14	6	2	6
EOG091700ZQ	0.433	14	6	2	6
EOG091700Z3	0.403	14	6	2	6
EOG091700Z7	0.769	14	6	2	6
EOG0917039E	0.264	14	6	2	6
EOG091701XA	0.4	14	6	2	6
EOG0917039F	0.911	14	6	2	6
EOG0917039H	0.238	13	5	2	6
EOG091701XN	0.518	14	6	2	6
EOG091701XO	0.808	14	6	2	6
EOG0917039N	0.411	14	6	2	6
EOG0917039R	0.389	14	6	2	6
EOG091702M1	0.842	14	6	2	6
EOG091703N4	0.581	14	6	2	6
EOG091703NM	0.687	13	6	1	6
EOG091703NX	0.438	14	6	2	6
EOG091705NY	0.513	12	6	1	5
EOG091701X4	0.865	13	6	1	6
EOG091701X1	0.473	14	6	2	6
EOG091701X3	0.544	14	6	2	6
EOG0917097R	0.853	12	6	0	6
EOG091707BN	0.225	14	6	2	6
EOG0917040P	0.226	11	5	2	4
EOG091709XT	0.595	13	6	1	6
EOG091709XW	0.596	14	6	2	6
EOG0917040X	0.274	14	6	2	6
EOG091700GQ	0.474	14	6	2	6
EOG091700GA	0.281	14	6	2	6
EOG091700G9	0.273	14	6	2	6
EOG091700G1	0.321	14	6	2	6
EOG091704CB	0.407	14	6	2	6
EOG0917056K	0.338	13	5	2	6
EOG0917056F	0.882	14	6	2	6
EOG0917056D	0.327	14	6	2	6
EOG09170563	0.338	14	6	2	6
EOG09170560	0.35	12	5	1	6
EOG0917070Z	0.815	13	6	1	6
EOG0917070X	0.693	12	5	1	6
EOG091705CD	0.846	13	5	2	6
EOG091705CB	0.783	10	6	1	3
EOG091705GI	0.925	14	6	2	6
EOG091705GL	0.201	14	6	2	6
EOG091705GO	0.693	14	6	2	6
EOG091700XN	0.699	14	6	2	6
EOG091700XF	0.485	14	6	2	6
EOG091708XI	0.227	10	4	1	5
EOG091700XP	0.251	13	6	1	6
EOG091702B5	0.845	11	6	0	5
EOG091702BC	0.756	14	6	2	6
EOG091700X6	0.299	13	6	1	6
EOG091701ZN	0.469	14	6	2	6
EOG091706NG	0.274	8	4	0	4
EOG091703LW	0.26	12	4	2	6
EOG091706N8	0.698	10	4	1	5
EOG091701Z7	0.263	14	6	2	6
EOG091701Z4	0.792	14	6	2	6
EOG091709Z8	0.268	5	4	0	1
EOG09170914	0.806	9	4	0	5
EOG091700EQ	0.562	11	5	0	6
EOG091700E8	0.894	14	6	2	6
EOG091706D4	0.508	13	5	2	6
EOG0917003E	0.488	14	6	2	6
EOG091706D1	0.212	14	6	2	6
EOG091704A7	0.275	13	6	2	5
EOG091704A4	0.438	14	6	2	6
EOG091704A5	0.402	14	6	2	6
EOG091708VG	0.606	10	5	1	4
EOG091704AN	0.509	14	6	2	6
EOG091704AW	0.416	14	6	2	6
EOG091704AT	0.221	10	3	2	5
EOG091704AX	0.618	14	6	2	6
EOG091705E9	0.391	13	6	2	5
EOG0917058Z	0.908	14	6	2	6
EOG09170588	0.223	12	5	2	5
EOG091705EV	0.237	14	6	2	6
EOG091705EK	0.611	14	6	2	6
EOG091703WN	0.641	14	6	2	6
EOG091703WE	0.232	8	4	1	3
EOG091703WX	0.365	11	5	2	4
EOG091703WS	0.527	14	6	2	6
EOG091708CK	0.593	14	6	2	6
EOG091709A2	0.373	11	5	0	6
EOG091709AL	0.261	11	5	1	5
EOG091709AJ	0.49	10	4	1	5
EOG091702L7	0.624	13	6	1	6
EOG091702LG	0.862	14	6	2	6
EOG091707EL	0.287	14	6	2	6
EOG091701TN	0.643	13	6	1	6
EOG091703J4	0.39	11	5	1	5
EOG091703JA	0.306	14	6	2	6
EOG091701T0	0.535	14	6	2	6
EOG0917024J	0.284	14	6	2	6
EOG0917024Q	0.218	14	6	2	6
EOG09170248	0.904	14	6	2	6
EOG09170246	0.639	14	6	2	6
EOG09170AWL	0.218	9	4	2	3
EOG09170AW3	0.849	12	6	0	6
EOG091707FQ	0.516	12	6	0	6
EOG0917014W	0.252	14	6	2	6
EOG09170AVI	0.469	12	6	1	5
EOG0917014C	0.351	13	5	2	6
EOG0917003B	0.776	14	6	2	6
EOG09170BJA	0.256	5	3	0	2
EOG09170AFV	0.347	12	4	2	6
EOG09170BJO	0.467	8	4	1	3
EOG091703U6	0.53	14	6	2	6
EOG091709C6	0.255	13	5	2	6
EOG091702N0	0.699	14	6	2	6
EOG091702NK	0.343	14	6	2	6
EOG091702NR	0.259	14	6	2	6
EOG091702NY	0.679	13	5	2	6
EOG091706BY	0.314	14	6	2	6
EOG091706BD	0.499	13	6	1	6
EOG091706BL	0.399	14	6	2	6
EOG091701VH	0.628	13	6	1	6
EOG091701VC	0.407	14	6	2	6
EOG091701V2	0.341	14	6	2	6
EOG091706B0	0.728	13	6	1	6
EOG091706B2	0.252	6	3	1	2
EOG09170487	0.91	14	6	2	6
EOG091707DV	0.901	14	6	2	6
EOG0917026Q	0.797	12	6	1	5
EOG091707D1	0.35	13	6	1	6
EOG09170263	0.269	14	6	2	6
EOG0917048M	0.89	14	6	2	6
EOG0917048F	0.678	14	6	2	6
EOG0917048X	0.603	13	5	2	6
EOG0917048Z	0.779	14	6	2	6
EOG091705IV	0.659	14	6	2	6
EOG091705IT	0.555	14	6	2	6
EOG0917001V	0.217	14	6	2	6
EOG091707S3	0.829	11	5	0	6
EOG091703H3	0.209	12	5	2	5
EOG091703H0	0.335	14	6	2	6
EOG09170019	0.591	14	6	2	6
EOG09170013	0.292	14	6	2	6
EOG091703S3	0.354	14	6	2	6
EOG091703ST	0.875	14	6	2	6
EOG091703SS	0.22	14	6	2	6
EOG091708AX	0.244	14	6	2	6
EOG091706LU	0.644	14	6	2	6
EOG091700RQ	0.381	14	6	2	6
EOG091700RL	0.278	14	6	2	6
EOG091701V1	0.695	14	6	2	6
EOG091706UZ	0.207	8	4	0	4
EOG091702HW	0.442	14	6	2	6
EOG091702HV	0.274	14	6	2	6
EOG091702HR	0.66	14	6	2	6
EOG091702HJ	0.257	14	6	2	6
EOG09170AL4	0.407	12	4	2	6
EOG091701PS	0.625	14	6	2	6
EOG09170B0S	0.284	12	6	1	5
EOG0917020D	0.76	14	6	2	6
EOG0917020O	0.667	14	6	2	6
EOG091709UZ	0.548	12	5	2	5
EOG09170206	0.244	14	6	2	6
EOG09170204	0.231	13	5	2	6
EOG0917046J	0.556	14	6	2	6
EOG0917046I	0.594	14	6	2	6
EOG09170ASF	0.201	11	4	1	6
EOG09170ASK	0.302	13	6	2	5
EOG09170B1J	0.323	4	2	0	2
EOG09170B13	0.237	5	3	0	2
EOG0917007O	0.639	14	6	2	6
EOG0917007I	0.9	14	6	2	6
EOG0917007F	0.745	14	6	2	6
EOG0917007G	0.2	14	6	2	6
EOG091708W3	0.87	14	6	2	6
EOG09170078	0.472	14	6	2	6
EOG09170076	0.352	14	6	2	6
EOG0917069A	0.688	13	6	1	6
EOG091703QY	0.577	13	6	1	6
EOG091703QR	0.881	13	6	1	6
EOG091703QT	0.383	6	4	0	2
EOG091703QF	0.817	13	6	1	6
EOG091700PW	0.723	14	6	2	6
EOG091700PQ	0.892	14	6	2	6
EOG091700PC	0.457	14	6	2	6
EOG091702J2	0.702	7	3	1	3
EOG091702JP	0.84	14	6	2	6
EOG091701RE	0.633	14	6	2	6
EOG091701RI	0.904	14	6	2	6
EOG091701RU	0.25	14	6	2	6
EOG091701RP	0.417	14	6	2	6
EOG091701R7	0.82	13	6	1	6
EOG09170196	0.662	14	6	2	6
EOG09170190	0.725	14	6	2	6
EOG0917022I	0.308	14	6	2	6
EOG0917022N	0.434	14	6	2	6
EOG0917022F	0.829	14	6	2	6
EOG0917019C	0.235	14	6	2	6
EOG0917044L	0.268	7	3	1	3
EOG0917044Y	0.673	14	6	2	6
EOG09170A8H	0.231	10	6	1	3
EOG09170A8I	0.321	13	6	1	6
EOG091704YM	0.81	14	6	2	6
EOG091704YV	0.743	14	6	2	6
EOG091704Y2	0.268	13	6	1	6
EOG0917005N	0.337	14	6	2	6
EOG0917005T	0.291	14	6	2	6
EOG091705MB	0.594	14	6	2	6
EOG091702WM	0.666	14	6	2	6
EOG091702WR	0.298	14	6	2	6
EOG091702WW	0.536	14	6	2	6
EOG09170056	0.881	14	6	2	6
EOG091704NF	0.225	11	4	1	6
EOG091708EN	0.9	13	6	1	6
EOG091709I5	0.251	8	4	0	4
EOG091708NM	0.413	14	6	2	6
EOG091700VO	0.543	14	6	2	6
EOG091700VJ	0.306	12	4	2	6
EOG091700VF	0.702	14	6	2	6
EOG091700VZ	0.622	14	6	2	6
EOG091700V1	0.279	14	6	2	6
EOG09170AH2	0.277	14	6	2	6
EOG091708NP	0.443	14	6	2	6
EOG091701L2	0.516	14	6	2	6
EOG091701L3	0.527	14	6	2	6
EOG091701L5	0.693	14	6	2	6
EOG09170429	0.592	13	6	1	6
EOG09170424	0.282	13	6	1	6
EOG091708N2	0.748	7	4	0	3
EOG0917042Q	0.496	14	6	2	6
EOG091705PA	0.869	12	5	1	6
EOG091705PB	0.647	14	6	2	6
EOG091706L5	0.549	13	6	1	6
EOG091704N6	0.257	12	6	2	4
EOG091705P1	0.447	8	3	2	3
EOG091705P5	0.266	13	6	2	5
EOG091706L0	0.216	6	3	1	2
EOG091704WR	0.45	14	6	2	6
EOG091704WS	0.865	14	6	2	6
EOG091704W9	0.414	14	6	2	6
EOG091705OZ	0.316	7	3	2	2
EOG091702Q0	0.553	14	6	2	6
EOG091702QP	0.934	14	6	2	6
EOG091705O8	0.248	11	6	1	4
EOG091708K0	0.516	11	6	1	4
EOG091708KP	0.219	12	6	1	5
EOG091708KL	0.52	13	6	1	6
EOG091707RV	0.629	13	5	2	6
EOG091707RZ	0.258	14	6	2	6
EOG091705IK	0.738	13	6	2	5
EOG0917060B	0.873	12	6	0	6
EOG0917060D	0.228	14	6	2	6
EOG091709KQ	0.23	9	5	0	4
EOG0917060K	0.536	13	6	2	5
EOG09170AJY	0.484	13	6	1	6
EOG09170AJA	0.385	9	4	0	5
EOG091700TE	0.726	14	6	2	6
EOG091700TQ	0.742	14	6	2	6
EOG091701NW	0.883	13	5	2	6
EOG091701NE	0.365	14	6	2	6
EOG09170151	0.582	14	6	2	6
EOG0917015B	0.214	14	6	2	6
EOG0917015O	0.615	14	6	2	6
EOG091705RX	0.267	14	6	2	6
EOG091706CN	0.775	14	6	2	6
EOG091705R4	0.661	7	3	1	3
EOG091706V4	0.473	5	2	0	3
EOG091702SW	0.9	14	6	2	6
EOG091706VF	0.715	14	6	2	6
EOG091708I3	0.319	12	5	1	6
EOG0917036E	0.639	14	6	2	6
EOG0917036F	0.418	14	6	2	6
EOG0917036R	0.24	14	6	2	6
EOG091701HP	0.291	14	6	2	6
EOG091701HZ	0.207	14	6	2	6
EOG091701H2	0.351	14	6	2	6
EOG0917073E	0.532	13	6	1	6
EOG09170175	0.661	14	6	2	6
EOG091704NE	0.874	12	6	1	5
EOG091704ND	0.234	14	6	2	6
EOG0917017W	0.704	14	6	2	6
EOG091705TH	0.207	14	6	2	6
EOG091705TP	0.65	13	6	1	6
EOG091705TY	0.365	14	6	2	6
EOG091706QO	0.38	14	6	2	6
EOG0917028M	0.522	10	4	0	6
EOG0917028F	0.226	5	2	0	3
EOG0917028U	0.349	14	6	2	6
EOG091705T5	0.418	14	6	2	6
EOG091705T8	0.818	13	6	2	5
EOG091705T9	0.884	14	6	2	6
EOG0917082X	0.288	13	6	2	5
EOG09170B98	0.245	6	4	1	1
EOG0917082N	0.576	12	6	0	6
EOG09170A6N	0.733	14	6	2	6
EOG091704SS	0.572	8	4	1	3
EOG091704SI	0.667	9	5	0	4
EOG09170APS	0.264	4	2	1	1
EOG0917095S	0.531	10	5	0	5
EOG09170APC	0.211	13	6	1	6
EOG09170881	0.551	5	2	0	3
EOG0917034T	0.232	14	6	2	6
EOG091703YE	0.895	13	6	1	6
EOG091703YI	0.844	11	5	0	6
EOG091709WW	0.39	4	2	0	2
EOG091709WE	0.249	7	4	1	2
EOG0917074P	0.375	13	6	1	6
EOG091700H6	0.521	14	6	2	6
EOG09170AF2	0.649	12	6	1	5
EOG091702H6	0.343	14	6	2	6
EOG09170B09	0.457	5	2	0	3
EOG091707QH	0.906	13	6	1	6
EOG0917011L	0.653	14	6	2	6
EOG0917011H	0.33	14	6	2	6
EOG0917011P	0.403	4	2	0	2
EOG0917088T	0.715	12	5	1	6
EOG091701J3	0.39	14	6	2	6
EOG09170118	0.697	8	4	1	3
EOG09170115	0.907	13	6	1	6
EOG091705VH	0.83	13	6	1	6
EOG0917061P	0.676	11	6	0	5
EOG091707P0	0.253	12	6	1	5
EOG0917061T	0.884	14	6	2	6
EOG091705V5	0.86	14	6	2	6
EOG091704OJ	0.311	12	6	2	4
EOG09170807	0.357	13	6	1	6
EOG09170A0G	0.369	11	4	1	6
EOG091704QR	0.284	13	6	1	6
EOG091704QM	0.603	14	6	2	6
EOG091704QI	0.214	14	6	2	6
EOG091708OI	0.364	7	4	0	3
EOG091704Q8	0.37	14	6	2	6
EOG091703G5	0.526	14	6	2	6
EOG09170630	0.795	13	6	1	6
EOG09170631	0.481	13	6	1	6
EOG09170328	0.436	14	6	2	6
EOG09170329	0.825	13	5	2	6
EOG091703GT	0.436	14	6	2	6
EOG091703GL	0.694	14	6	2	6
EOG091703GC	0.512	13	5	2	6
EOG091703GB	0.841	13	6	1	6
EOG091703GE	0.603	14	6	2	6
EOG091709Q0	0.204	8	4	0	4
EOG091709QV	0.846	11	5	0	6
EOG091709QL	0.828	12	6	0	6
EOG091700NS	0.87	14	6	2	6
EOG091700NF	0.913	13	6	1	6
EOG091700NE	0.218	14	6	2	6
EOG091700NB	0.754	14	6	2	6
EOG091700NJ	0.321	14	6	2	6
EOG091707KX	0.269	7	2	1	4
EOG091706WB	0.444	14	6	2	6
EOG0917013G	0.566	14	6	2	6
EOG0917013I	0.808	14	6	2	6
EOG091704JX	0.628	14	6	2	6
EOG091701D1	0.742	14	6	2	6
EOG091701D4	0.229	13	6	2	5
EOG091705XW	0.305	13	6	2	5
EOG091707VQ	0.212	13	6	1	6
EOG091705X7	0.781	11	6	0	5
EOG091707ZR	0.39	14	6	2	6
EOG091707ZI	0.838	9	5	0	4
EOG0917086S	0.394	14	6	2	6
EOG091707ZG	0.818	11	5	1	5
EOG091705HA	0.717	11	4	1	6
EOG09170C3J	0.347	11	5	1	5
EOG0917076C	0.284	12	5	2	5
EOG091703E4	0.402	14	6	2	6
EOG091708UW	0.442	13	6	1	6
EOG0917030D	0.333	12	6	2	4
EOG0917030B	0.391	14	6	2	6
EOG0917030C	0.22	9	4	2	3
EOG09170658	0.597	14	6	2	6
EOG09170306	0.544	14	6	2	6
EOG09170307	0.864	13	6	1	6
EOG091703EJ	0.462	14	6	2	6
EOG091703EE	0.871	12	5	1	6
EOG091703EG	0.648	14	6	2	6
EOG091700L6	0.717	14	6	2	6
EOG091700LQ	0.594	14	6	2	6
EOG091704HH	0.818	12	5	1	6
EOG091704HJ	0.286	14	6	2	6
EOG091706R9	0.331	11	5	0	6
EOG091706R8	0.709	7	3	1	3
EOG091701FN	0.513	12	5	1	6
EOG091708U5	0.76	12	6	0	6
EOG091707TR	0.595	14	6	2	6
EOG091705Z1	0.2	13	5	2	6
EOG09170727	0.438	14	6	2	6
EOG09170ANO	0.301	6	3	1	2
EOG0917051X	0.7	14	6	2	6
EOG0917051T	0.476	14	6	2	6
EOG0917062L	0.317	12	5	1	6
EOG0917070A	0.423	13	6	2	5
EOG091703C8	0.799	12	5	1	6
EOG0917067D	0.33	14	6	2	6
EOG091708QT	0.526	11	6	0	5
EOG091705AO	0.202	14	6	2	6
EOG091708LL	0.491	4	2	0	2
EOG091707O8	0.664	14	6	2	6
EOG091707OJ	0.206	14	6	2	6
EOG091707OU	0.639	7	2	1	4
EOG09170BLD	0.233	14	6	2	6
EOG091700B0	0.623	14	6	2	6
EOG091700BR	0.234	14	6	2	6
EOG091704FQ	0.841	14	6	2	6
EOG091704FT	0.61	14	6	2	6
EOG091706TL	0.344	14	6	2	6
EOG0917072I	0.872	12	5	1	6
EOG091704L5	0.734	14	6	2	6
EOG09170539	0.29	14	6	2	6
EOG0917072M	0.897	14	6	2	6
EOG0917094D	0.216	11	5	0	6
EOG091702E5	0.608	12	5	2	5
EOG0917092M	0.297	8	4	0	4
EOG091702EH	0.781	14	6	2	6
EOG091703AH	0.209	8	4	1	3
EOG091703AM	0.337	13	5	2	6
EOG091703AL	0.312	14	6	2	6
EOG091706I1	0.571	14	6	2	6
EOG091706IF	0.413	6	2	1	3
EOG091709E0	0.259	11	6	0	5
EOG091705KS	0.239	11	6	0	5
EOG091706E5	0.904	13	5	2	6
EOG0917062T	0.795	13	6	1	6
EOG0917062Q	0.24	12	5	1	6
EOG091707MF	0.292	10	5	0	5
EOG091704DR	0.351	12	5	1	6
EOG091704DG	0.231	9	3	1	5
EOG091701B2	0.804	13	6	1	6
EOG091706V8	0.881	12	6	0	6
EOG091706VZ	0.481	12	5	1	6
EOG091701BF	0.282	12	5	1	6
EOG091701BC	0.705	14	6	2	6
EOG091701BJ	0.291	14	6	2	6
EOG091704D7	0.601	12	6	2	4
EOG091704D1	0.652	13	6	1	6
EOG091704D8	0.277	14	6	2	6
EOG0917008O	0.857	14	6	2	6
EOG0917008Q	0.339	12	5	2	5
EOG09170087	0.526	14	6	2	6
EOG09170550	0.637	13	6	1	6
EOG0917055Q	0.499	13	5	2	6
EOG0917080D	0.266	11	5	1	5
EOG09170BC5	0.722	11	5	0	6
EOG091702G9	0.713	13	5	2	6
EOG091702GV	0.25	4	3	0	1
EOG091702GJ	0.859	13	6	1	6
EOG091702GH	0.308	13	5	2	6
EOG091703OH	0.882	13	6	1	6
EOG09170BVK	0.303	9	3	0	6
EOG091703O1	0.63	14	6	2	6
EOG091709YE	0.231	7	3	0	4
EOG091709YA	0.234	4	2	1	1
EOG091701Y6	0.4	13	5	2	6
EOG091701Y0	0.43	14	6	2	6
EOG091701Y9	0.299	14	6	2	6
EOG091701Y8	0.28	12	5	1	6
EOG091701YM	0.369	14	6	2	6
EOG091701YK	0.315	14	6	2	6
EOG091701YI	0.271	14	6	2	6
EOG091707CR	0.878	13	6	1	6
EOG091707CV	0.261	13	5	2	6
EOG091701XH	0.745	14	6	2	6
EOG091707CO	0.871	13	6	1	6
EOG091701XU	0.862	14	6	2	6
EOG091701XW	0.481	14	6	2	6
EOG091707YT	0.798	12	6	0	6
EOG091700F5	0.274	14	6	2	6
EOG091700FO	0.704	14	6	2	6
EOG091700FL	0.505	14	6	2	6
EOG091700FI	0.482	14	6	2	6
EOG091700FA	0.324	14	6	2	6
EOG091704BK	0.297	14	6	2	6
EOG091704BZ	0.58	12	5	1	6
EOG091704B3	0.443	13	5	2	6
EOG0917071M	0.858	11	4	1	6
EOG09170571	0.565	13	6	1	6
EOG09170574	0.496	14	6	2	6
EOG091708ZX	0.387	10	4	1	5
EOG0917057T	0.897	14	6	2	6
EOG0917057O	0.728	13	6	2	5
EOG0917057A	0.82	14	6	2	6
EOG0917057D	0.834	13	6	1	6
EOG09170BM6	0.718	7	3	1	3
EOG09170BMX	0.226	9	4	1	4
EOG091709D2	0.422	11	6	1	4
EOG091702A4	0.344	13	6	1	6
EOG091707BU	0.223	11	6	1	4
EOG09170ARM	0.707	10	4	2	4
EOG091702AR	0.216	8	4	2	2
EOG091702AY	0.348	14	6	2	6
EOG091702AJ	0.359	14	6	2	6
EOG091703MR	0.571	13	5	2	6
EOG091703MZ	0.892	14	6	2	6
EOG091703M1	0.632	13	5	2	6
EOG091703M8	0.357	14	6	2	6
EOG0917038F	0.516	13	6	1	6
EOG0917038Z	0.307	14	6	2	6
EOG0917096G	0.884	12	6	0	6
EOG091707AI	0.473	13	6	2	5
EOG091700D5	0.841	11	3	2	6
EOG091700D8	0.908	14	6	2	6
EOG091700DW	0.235	14	6	2	6
EOG091700DK	0.426	14	6	2	6
EOG091700DM	0.389	14	6	2	6
EOG0917063U	0.322	13	6	1	6
EOG0917077P	0.536	9	5	0	4
EOG09170593	0.832	9	3	1	5
EOG09170C1Z	0.205	14	6	2	6
EOG0917059D	0.316	14	6	2	6
EOG091709FW	0.809	9	4	0	5
EOG091704MY	0.479	14	6	2	6
EOG091702CG	0.582	12	6	0	6
EOG091706FA	0.405	4	4	0	0
EOG091706FI	0.862	13	5	2	6
EOG091702C9	0.593	14	6	2	6
EOG091703KV	0.322	5	2	0	3
EOG091703KS	0.284	12	6	1	5
EOG091703KL	0.216	13	6	1	6
EOG091703KH	0.516	14	6	2	6
EOG091700Y1	0.474	12	4	2	6
EOG091700Y5	0.901	14	6	2	6
EOG091700YP	0.532	14	6	2	6
EOG091700YX	0.887	14	6	2	6
EOG091701U4	0.347	14	6	2	6
EOG091701UP	0.687	13	5	2	6
EOG091701UW	0.526	14	6	2	6
EOG091701UV	0.502	14	6	2	6
EOG091701UJ	0.87	14	6	2	6
EOG091707G1	0.215	4	2	1	1
EOG0917090P	0.697	5	2	0	3
EOG091707GS	0.446	14	6	2	6
EOG091707GQ	0.414	14	6	2	6
EOG09170A35	0.217	6	3	0	3
EOG09170ATB	0.684	6	4	0	2
EOG091706C1	0.743	10	4	1	5
EOG091708DS	0.308	14	6	2	6
EOG091708DV	0.247	13	5	2	6
EOG091706C4	0.287	14	6	2	6
EOG0917002V	0.892	13	6	1	6
EOG0917002E	0.47	14	6	2	6
EOG0917002K	0.386	14	6	2	6
EOG091703VE	0.403	14	6	2	6
EOG091703VQ	0.374	14	6	2	6
EOG091707XG	0.271	14	6	2	6
EOG091707XI	0.919	13	6	1	6
EOG091703V8	0.294	14	6	2	6
EOG091703V5	0.871	14	6	2	6
EOG091702M6	0.267	13	6	1	6
EOG091703IP	0.495	11	5	1	5
EOG091703IU	0.545	14	6	2	6
EOG0917044U	0.656	13	6	1	6
EOG0917044T	0.304	14	6	2	6
EOG091701W4	0.494	10	4	1	5
EOG091701WV	0.291	14	6	2	6
EOG091701WP	0.465	14	6	2	6
EOG091701WN	0.605	14	6	2	6
EOG091707E7	0.823	13	5	2	6
EOG091707E6	0.654	12	5	1	6
EOG09170252	0.358	14	6	2	6
EOG0917025N	0.328	14	6	2	6
EOG091707EI	0.388	13	6	1	6
EOG0917025D	0.295	14	6	2	6
EOG0917025X	0.315	14	6	2	6
EOG091707ET	0.779	13	5	2	6
EOG091707EW	0.553	14	6	2	6
EOG091708WO	0.851	12	6	0	6
EOG0917000H	0.621	14	6	2	6
EOG091705FJ	0.802	13	6	1	6
EOG091705FK	0.528	9	6	0	3
EOG091705FB	0.806	14	6	2	6
EOG091705FU	0.406	13	6	1	6
EOG091703T2	0.429	14	6	2	6
EOG091703T3	0.388	13	6	1	6
EOG091709BT	0.645	14	6	2	6
EOG091709BE	0.219	13	5	2	6
EOG091709BB	0.811	14	6	2	6
EOG091709B9	0.791	8	4	1	3
EOG091702OF	0.275	14	6	2	6
EOG091706MT	0.292	14	6	2	6
EOG091706EI	0.648	12	6	0	6
EOG091704JA	0.399	13	6	1	6
EOG09170AME	0.524	5	3	0	2
EOG09170AMQ	0.565	11	4	1	6
EOG0917049D	0.693	14	6	2	6
EOG0917049R	0.435	13	5	2	6
EOG0917049P	0.583	14	6	2	6
EOG09170496	0.9	12	6	0	6
EOG091708RS	0.227	9	4	1	4
EOG09170272	0.215	14	6	2	6
EOG09170277	0.753	12	5	1	6
EOG0917027C	0.754	14	6	2	6
EOG0917027M	0.882	14	6	2	6
EOG0917027S	0.404	13	6	1	6
EOG091708LV	0.603	13	6	1	6
EOG091704ZN	0.449	13	5	2	6
EOG09170B0L	0.317	10	3	2	5
EOG091702TO	0.767	14	6	2	6
EOG091702T8	0.214	14	6	2	6
EOG091702T1	0.599	14	6	2	6
EOG091702T6	0.818	14	6	2	6
EOG091702T4	0.672	14	6	2	6
EOG091703RB	0.873	14	6	2	6
EOG091705H2	0.819	13	6	2	5
EOG091705H5	0.885	12	6	1	5
EOG0917006A	0.241	14	6	2	6
EOG0917006R	0.828	14	6	2	6
EOG091709F3	0.34	12	5	1	6
EOG09170688	0.81	12	5	1	6
EOG09170681	0.23	14	6	2	6
EOG0917068X	0.349	8	3	1	4
EOG0917068P	0.274	6	3	1	2
EOG0917068E	0.737	14	6	2	6
EOG09170BUM	0.246	6	5	0	1
EOG091702IR	0.293	13	5	2	6
EOG091702IS	0.253	14	6	2	6
EOG091702IM	0.279	14	6	2	6
EOG091700S7	0.801	14	6	2	6
EOG091700SP	0.846	14	6	2	6
EOG091700SS	0.852	14	6	2	6
EOG091700ST	0.356	14	6	2	6
EOG091700SW	0.751	12	6	1	5
EOG091701S0	0.301	14	6	2	6
EOG091701S5	0.907	13	6	1	6
EOG0917047B	0.281	14	6	2	6
EOG0917047W	0.876	13	5	2	6
EOG091701SJ	0.61	14	6	2	6
EOG091705MC	0.283	14	6	2	6
EOG0917021D	0.663	13	6	1	6
EOG0917021R	0.483	14	6	2	6
EOG09170A9V	0.33	7	4	1	2
EOG0917045Q	0.631	13	5	2	6
EOG09170A9Q	0.294	11	4	1	6
EOG091702VZ	0.711	12	6	1	5
EOG091704XC	0.723	13	6	1	6
EOG091704XU	0.64	13	6	1	6
EOG091702V9	0.882	12	5	1	6
EOG091706GM	0.75	13	6	1	6
EOG091703PV	0.437	14	6	2	6
EOG091703PS	0.4	13	6	1	6
EOG091703PH	0.271	14	6	2	6
EOG09170044	0.751	14	6	2	6
EOG09170047	0.696	14	6	2	6
EOG0917004R	0.875	14	6	2	6
EOG091703P2	0.654	10	5	1	4
EOG09170980	0.908	13	6	1	6
EOG091702KK	0.23	14	6	2	6
EOG091702K6	0.859	11	4	1	6
EOG091702K1	0.488	14	6	2	6
EOG091700QI	0.502	13	5	2	6
EOG091700QG	0.734	14	6	2	6
EOG0917018E	0.476	14	6	2	6
EOG0917018V	0.325	14	6	2	6
EOG09170450	0.405	14	6	2	6
EOG09170454	0.225	13	5	2	6
EOG09170185	0.883	14	6	2	6
EOG09170188	0.601	14	6	2	6
EOG091701ME	0.36	9	4	2	3
EOG09170989	0.207	12	6	1	5
EOG0917023X	0.515	14	6	2	6
EOG091706NC	0.47	12	5	1	6
EOG091706A2	0.497	7	3	1	3
EOG091705QH	0.257	7	4	1	2
EOG091705QB	0.202	13	6	1	6
EOG091705QU	0.261	13	5	2	6
EOG0917077R	0.218	12	5	1	6
EOG091702PG	0.41	9	4	2	3
EOG091702PC	0.257	13	5	2	6
EOG091702PJ	0.898	14	6	2	6
EOG091702PV	0.715	14	6	2	6
EOG091702PU	0.344	14	6	2	6
EOG09170ACQ	0.21	12	5	1	6
EOG0917075S	0.824	12	6	1	5
EOG091704VK	0.755	13	5	2	6
EOG091704VS	0.529	13	5	2	6
EOG091702P6	0.491	14	6	2	6
EOG091702P5	0.755	14	6	2	6
EOG091702P4	0.35	14	6	2	6
EOG091702P3	0.386	14	6	2	6
EOG091708JC	0.538	13	5	2	6
EOG091708JB	0.744	12	5	1	6
EOG091708JL	0.757	12	5	1	6
EOG091705L8	0.255	12	5	1	6
EOG091705L5	0.554	6	3	1	2
EOG091705LX	0.479	12	5	1	6
EOG091705LY	0.259	13	5	2	6
EOG091705LF	0.48	14	6	2	6
EOG091709HB	0.781	12	6	1	5
EOG091709H0	0.462	12	6	1	5
EOG091709IX	0.388	10	4	1	5
EOG09170AKV	0.813	7	3	1	3
EOG091700WC	0.245	14	6	2	6
EOG0917043Y	0.206	14	6	2	6
EOG0917043C	0.434	14	6	2	6
EOG09170431	0.65	13	6	1	6
EOG09170432	0.906	14	6	2	6
EOG091701OL	0.246	8	4	1	3
EOG091705S8	0.783	14	6	2	6
EOG091705S2	0.536	12	4	2	6
EOG091705SD	0.243	4	2	0	2
EOG09170750	0.593	13	6	1	6
EOG091702RX	0.296	14	6	2	6
EOG091702RI	0.268	14	6	2	6
EOG091704T5	0.514	14	6	2	6
EOG091704TO	0.794	12	5	1	6
EOG091702R2	0.229	14	6	2	6
EOG091704KG	0.263	8	4	1	3
EOG091705N7	0.35	14	6	2	6
EOG091704KW	0.919	13	6	1	6
EOG09170374	0.813	12	5	1	6
EOG0917037M	0.319	13	6	1	6
EOG0917037R	0.269	14	6	2	6
EOG09170656	0.355	13	6	1	6
EOG091708SO	0.203	12	6	1	5
EOG091706XQ	0.247	14	6	2	6
EOG091706XP	0.698	14	6	2	6
EOG091706XK	0.828	13	6	1	6
EOG091700UM	0.367	13	5	2	6
EOG091700UP	0.654	9	4	1	4
EOG091701I5	0.258	14	6	2	6
EOG0917014R	0.826	13	6	1	6
EOG0917014Z	0.897	13	6	1	6
EOG0917041Z	0.849	13	5	2	6
EOG0917014A	0.671	14	6	2	6
EOG0917041O	0.922	14	6	2	6
EOG09170410	0.858	14	6	2	6
EOG091701IZ	0.245	14	6	2	6
EOG091701IX	0.266	14	6	2	6
EOG091701IE	0.498	13	6	1	6
EOG091707SG	0.66	12	5	1	6
EOG091707S6	0.773	12	5	1	6
EOG0917063K	0.649	14	6	2	6
EOG09170A7N	0.326	7	4	0	3
EOG09170A7K	0.385	9	5	0	4
EOG091705U3	0.238	14	6	2	6
EOG091705UB	0.218	12	5	1	6
EOG091704R8	0.781	13	5	2	6
EOG091704RJ	0.214	13	5	2	6
EOG091704RF	0.414	13	6	1	6
EOG091703ZF	0.287	14	6	2	6
EOG091709TW	0.248	11	5	2	4
EOG091709T8	0.289	10	4	1	5
EOG091709T0	0.248	4	2	0	2
EOG091709T3	0.297	7	4	0	3
EOG091709T7	0.285	5	3	0	2
EOG0917060N	0.87	14	6	2	6
EOG0917035P	0.266	14	6	2	6
EOG091700K9	0.366	14	6	2	6
EOG09170AG5	0.378	13	6	2	5
EOG091708YG	0.913	13	6	2	5
EOG09170AGU	0.547	12	6	1	5
EOG091700KZ	0.22	14	6	2	6
EOG091701KX	0.468	14	6	2	6
EOG091701KQ	0.583	14	6	2	6
EOG091701KW	0.526	14	6	2	6
EOG0917029V	0.337	10	4	2	4
EOG091704O9	0.321	14	6	2	6
EOG0917016H	0.817	14	6	2	6
EOG0917016Y	0.442	14	6	2	6
EOG091707Q4	0.633	13	6	1	6
EOG091707Q6	0.288	11	5	1	5
EOG09170A1G	0.783	9	5	0	4
EOG091705WR	0.246	14	6	2	6
EOG091705WK	0.237	13	5	2	6
EOG091705WJ	0.818	14	6	2	6
EOG09170830	0.447	10	6	1	3
EOG091704PQ	0.822	13	6	1	6
EOG091704PV	0.603	8	4	1	3
EOG091704PZ	0.745	13	6	1	6
EOG091704PE	0.443	14	6	2	6
EOG091703XE	0.404	13	6	2	5
EOG091703X5	0.327	14	6	2	6
EOG091703X0	0.427	14	6	2	6
EOG091703X8	0.282	12	4	2	6
EOG09170330	0.432	14	6	2	6
EOG09170339	0.221	12	5	1	6
EOG0917033I	0.442	14	6	2	6
EOG0917033P	0.548	7	3	1	3
EOG091706OL	0.482	13	6	1	6
EOG091700I6	0.47	14	6	2	6
EOG09170AA4	0.533	9	2	1	6
EOG091700IU	0.467	14	6	2	6
EOG091700IZ	0.366	14	6	2	6
EOG091700IX	0.82	10	6	1	3
EOG091701EZ	0.63	14	6	2	6
EOG091704M1	0.766	13	6	1	6
EOG0917010J	0.233	14	6	2	6
EOG0917010B	0.64	14	6	2	6
EOG0917010T	0.775	14	6	2	6
EOG091705Y2	0.576	7	4	0	3
EOG091705YM	0.32	14	6	2	6
EOG09170814	0.354	12	6	1	5
EOG091706RS	0.279	13	6	1	6
EOG09170BD0	0.25	7	3	0	4
EOG091702XS	0.582	13	6	1	6
EOG091703FB	0.275	13	6	1	6
EOG091703FF	0.733	13	5	2	6
EOG09170649	0.201	6	3	0	3
EOG09170315	0.5	14	6	2	6
EOG0917031O	0.4	14	6	2	6
EOG0917031A	0.389	13	5	2	6
EOG0917093U	0.701	12	6	0	6
EOG091700OE	0.439	14	6	2	6
EOG091700OC	0.88	13	6	1	6
EOG091700OH	0.543	14	6	2	6
EOG091700OJ	0.273	14	6	2	6
EOG091701GJ	0.232	14	6	2	6
EOG091707TM	0.665	13	5	2	6
EOG091706Y2	0.597	13	6	1	6
EOG091707UZ	0.323	9	3	2	4
EOG0917012V	0.26	14	6	2	6
EOG0917012S	0.475	14	6	2	6
EOG091708PN	0.325	10	5	1	4
EOG0917087T	0.36	13	5	2	6
EOG0917078F	0.406	14	6	2	6
EOG09170875	0.336	12	5	1	6
EOG09170BFT	0.274	13	6	1	6
EOG091708PG	0.212	10	4	1	5
EOG091702ZE	0.406	14	6	2	6
EOG091702ZJ	0.353	13	6	1	6
EOG091702ZS	0.582	12	5	1	6
EOG091703DO	0.221	14	6	2	6
EOG091703D4	0.276	13	5	2	6
EOG091703D5	0.47	14	6	2	6
EOG09170667	0.682	12	5	1	6
EOG091707HR	0.738	12	4	2	6
EOG091707HP	0.862	13	5	2	6
EOG091707HU	0.209	12	5	1	6
EOG091707HX	0.298	14	6	2	6
EOG091709R6	0.25	4	3	1	0
EOG0917084Q	0.618	10	5	1	4
