EOG091700MG	0.796	14	6	2	6
EOG091700MX	0.72	11	5	1	5
EOG091700M4	0.717	14	6	2	6
EOG091701A0	0.724	14	6	2	6
EOG091704IS	0.809	12	5	2	5
EOG091704IO	0.792	8	3	2	3
EOG0917050I	0.889	13	5	2	6
EOG091705DF	0.602	14	6	2	6
EOG091707FJ	0.875	13	5	2	6
EOG091700C0	0.616	14	6	2	6
EOG091701C9	0.749	14	6	2	6
EOG091706JN	0.861	14	6	2	6
EOG091706JC	0.85	10	3	2	5
EOG091706JB	0.916	14	6	2	6
EOG091707LY	0.803	13	5	2	6
EOG0917085W	0.659	9	3	2	4
EOG0917054N	0.862	12	6	1	5
EOG09170540	0.766	11	4	2	5
EOG09170405	0.8	14	6	2	6
EOG091709E9	0.894	14	6	2	6
EOG091700ZY	0.751	14	6	2	6
EOG091700Z7	0.568	14	6	2	6
EOG0917039N	0.558	14	6	2	6
EOG091703N4	0.571	14	6	2	6
EOG091700GB	0.738	14	6	2	6
EOG0917015E	0.645	13	6	2	5
EOG0917015J	0.953	14	6	2	6
EOG091704C9	0.503	6	2	1	3
EOG091709JO	0.733	12	5	2	5
EOG091705CR	0.802	13	5	2	6
EOG091705GM	0.761	13	6	2	5
EOG091709GL	0.509	7	3	1	3
EOG091701ZQ	0.812	13	5	2	6
EOG091703L2	0.609	13	5	2	6
EOG091708X7	0.577	6	2	1	3
EOG091700ET	0.795	14	6	2	6
EOG091700ES	0.505	14	6	2	6
EOG091700E7	0.872	14	6	2	6
EOG091700E3	0.909	14	6	2	6
EOG091706D4	0.594	13	5	2	6
EOG091705E9	0.503	13	6	2	5
EOG0917058V	0.923	13	5	2	6
EOG0917058C	0.92	13	5	2	6
EOG0917058H	0.891	14	6	2	6
EOG091703WD	0.815	13	5	2	6
EOG091702L7	0.645	13	6	1	6
EOG091707EL	0.829	14	6	2	6
EOG091703JV	0.83	13	5	2	6
EOG091707FG	0.889	14	6	2	6
EOG091708DM	0.509	4	2	1	1
EOG091708FK	0.522	9	4	1	4
EOG091708CX	0.511	11	5	2	4
EOG091703UX	0.501	11	5	2	4
EOG0917095N	0.85	12	5	2	5
EOG091702N0	0.683	14	6	2	6
EOG091702NP	0.862	13	5	2	6
EOG091707DK	0.816	7	3	1	3
EOG09170263	0.576	14	6	2	6
EOG0917048X	0.6	13	5	2	6
EOG09170AQO	0.536	9	4	2	3
EOG0917001E	0.759	8	3	1	4
EOG091703H7	0.831	13	5	2	6
EOG091703H5	0.559	14	6	2	6
EOG09170019	0.597	14	6	2	6
EOG09170015	0.717	13	5	2	6
EOG091703S1	0.838	13	5	2	6
EOG091701V1	0.679	14	6	2	6
EOG091701V4	0.887	14	6	2	6
EOG091702HR	0.688	14	6	2	6
EOG09170A70	0.724	12	4	2	6
EOG0917020L	0.626	14	6	2	6
EOG0917046K	0.851	13	5	2	6
EOG0917007O	0.627	14	6	2	6
EOG0917007F	0.759	14	6	2	6
EOG0917007P	0.679	14	6	2	6
EOG091702UA	0.915	14	6	2	6
EOG091700PW	0.714	14	6	2	6
EOG091700PJ	0.888	14	6	2	6
EOG091702J8	0.713	14	6	2	6
EOG091701RE	0.617	14	6	2	6
EOG091701R5	0.904	14	6	2	6
EOG09170197	0.831	12	5	1	6
EOG0917019W	0.841	12	5	2	5
EOG09170A8A	0.789	13	5	2	6
EOG091704YN	0.505	12	5	1	6
EOG091704YV	0.746	14	6	2	6
EOG091705MG	0.773	14	6	2	6
EOG091702WD	0.905	13	5	2	6
EOG09170055	0.767	14	6	2	6
EOG091700VO	0.573	14	6	2	6
EOG091700VF	0.694	14	6	2	6
EOG091700VZ	0.716	14	6	2	6
EOG0917089R	0.865	11	4	2	5
EOG091701LH	0.623	14	6	2	6
EOG091701L3	0.505	14	6	2	6
EOG091701L5	0.704	14	6	2	6
EOG09170427	0.562	9	4	2	3
EOG0917042Y	0.755	13	5	2	6
EOG091705PF	0.752	9	4	1	4
EOG091704WA	0.573	11	5	2	4
EOG091704WL	0.705	6	2	1	3
EOG091702QI	0.727	13	5	2	6
EOG091708K1	0.71	12	4	2	6
EOG091708K9	0.725	8	4	1	3
EOG091709KM	0.508	6	3	1	2
EOG09170AJX	0.6	11	5	1	5
EOG091700TQ	0.73	14	6	2	6
EOG091701NQ	0.706	14	6	2	6
EOG091701N7	0.894	13	5	2	6
EOG09170158	0.874	14	6	2	6
EOG091704U8	0.568	7	3	1	3
EOG091704U0	0.885	13	5	2	6
EOG091706VD	0.794	11	3	2	6
EOG091706VF	0.716	14	6	2	6
EOG0917036E	0.628	14	6	2	6
EOG09170362	0.566	13	6	2	5
EOG091700JA	0.875	14	6	2	6
EOG091700J1	0.582	10	5	1	4
EOG09170175	0.644	14	6	2	6
EOG09170174	0.869	13	6	2	5
EOG09170178	0.578	13	5	2	6
EOG091704NZ	0.534	14	6	2	6
EOG0917017V	0.665	14	6	2	6
EOG0917017P	0.813	14	6	2	6
EOG0917017D	0.605	14	6	2	6
EOG0917028Y	0.886	13	5	2	6
EOG0917028R	0.521	10	4	2	4
EOG09170822	0.901	14	6	2	6
EOG09170A6P	0.865	13	6	1	6
EOG091704SY	0.782	12	4	2	6
EOG091704SL	0.664	12	4	2	6
EOG091702H6	0.511	14	6	2	6
EOG091708UY	0.568	14	6	2	6
EOG091704LB	0.585	14	6	2	6
EOG091701JQ	0.738	13	5	2	6
EOG091705VG	0.587	5	2	1	2
EOG09170807	0.68	13	6	1	6
EOG091704OE	0.892	14	6	2	6
EOG09170A0V	0.879	11	4	2	5
EOG09170615	0.813	12	5	2	5
EOG091704QF	0.876	13	5	2	6
EOG091704Q4	0.553	13	5	2	6
EOG091706DL	0.908	14	6	2	6
EOG091706DJ	0.561	12	4	2	6
EOG0917032M	0.509	14	6	2	6
EOG09170632	0.816	14	6	2	6
EOG091703GL	0.69	14	6	2	6
EOG091703GE	0.605	14	6	2	6
EOG09170A1T	0.699	12	6	1	5
EOG091706D3	0.884	13	5	2	6
EOG091700NH	0.585	14	6	2	6
EOG091707KF	0.525	9	4	1	4
EOG0917013I	0.646	14	6	2	6
EOG091701D1	0.721	14	6	2	6
EOG091701DO	0.661	13	5	2	6
EOG091701DW	0.911	14	6	2	6
EOG0917079V	0.898	12	4	2	6
EOG091705X9	0.865	12	4	2	6
EOG0917086L	0.887	13	5	2	6
EOG091708UO	0.519	12	5	2	5
EOG09170928	0.767	12	5	2	5
EOG091702YS	0.872	12	5	2	5
EOG09170306	0.54	14	6	2	6
EOG09170303	0.912	13	5	2	6
EOG091700L6	0.696	14	6	2	6
EOG091700LQ	0.591	14	6	2	6
EOG091704HQ	0.889	14	6	2	6
EOG091704HR	0.926	13	5	2	6
EOG091704HG	0.573	14	6	2	6
EOG091701FK	0.897	13	5	2	6
EOG091705ZT	0.878	14	6	2	6
EOG0917051A	0.575	13	5	2	6
EOG091706QG	0.545	10	4	1	5
EOG091703CO	0.702	13	5	2	6
EOG091700B5	0.574	14	6	2	6
EOG09170942	0.781	13	5	2	6
EOG091704FT	0.773	14	6	2	6
EOG091706TB	0.614	14	6	2	6
EOG0917053W	0.81	13	5	2	6
EOG091703AX	0.863	14	6	2	6
EOG091703A8	0.777	13	5	2	6
EOG091706I1	0.566	14	6	2	6
EOG091706IJ	0.504	7	3	1	3
EOG091707MD	0.578	10	4	2	4
EOG091704DG	0.687	9	3	1	5
EOG091701BP	0.89	14	6	2	6
EOG091701BC	0.886	14	6	2	6
EOG091704D7	0.622	12	6	2	4
EOG091704D9	0.93	13	5	2	6
EOG0917008E	0.896	14	6	2	6
EOG0917080T	0.951	14	6	2	6
EOG0917055W	0.567	10	5	1	4
EOG091708UM	0.857	13	5	2	6
EOG091700FE	0.51	14	6	2	6
EOG091704BC	0.918	13	5	2	6
EOG09170956	0.598	11	5	2	4
EOG0917071Q	0.829	12	5	1	6
EOG09170579	0.707	13	5	2	6
EOG091703MF	0.845	12	5	2	5
EOG091703MI	0.56	14	6	2	6
EOG091703MX	0.508	14	6	2	6
EOG091703M8	0.536	14	6	2	6
EOG0917038C	0.794	13	5	2	6
EOG091700DP	0.737	14	6	2	6
EOG091700DG	0.882	13	5	2	6
EOG091700DK	0.536	14	6	2	6
EOG09170974	0.695	6	3	1	2
EOG091705BO	0.831	12	5	1	6
EOG0917059N	0.628	6	4	1	1
EOG091704MY	0.736	14	6	2	6
EOG091709F4	0.873	13	6	1	6
EOG091706FD	0.51	13	5	2	6
EOG091703KH	0.592	14	6	2	6
EOG091700YP	0.511	14	6	2	6
EOG091700YT	0.566	13	6	2	5
EOG091703K7	0.85	14	6	2	6
EOG091706OV	0.621	14	6	2	6
EOG091706OP	0.572	14	6	2	6
EOG09170AT6	0.673	12	5	1	6
EOG091706GT	0.896	14	6	2	6
EOG0917002Z	0.892	13	5	2	6
EOG091703VH	0.557	14	6	2	6
EOG091707K8	0.698	12	4	2	6
EOG0917044D	0.521	8	3	1	4
EOG0917044A	0.811	14	6	2	6
EOG091707K4	0.919	13	5	2	6
EOG091703IU	0.557	14	6	2	6
EOG091703IV	0.62	9	3	1	5
EOG091703IF	0.838	14	6	2	6
EOG091703I9	0.76	14	6	2	6
EOG091701WN	0.59	14	6	2	6
EOG091707E3	0.686	6	2	1	3
EOG09170AV5	0.531	10	3	1	6
EOG09170B6Z	0.731	9	3	2	4
EOG09170AXE	0.538	10	5	1	4
EOG0917000N	0.86	11	5	1	5
EOG0917000H	0.624	14	6	2	6
EOG091703TO	0.873	12	5	1	6
EOG091703TT	0.527	14	6	2	6
EOG091706A3	0.612	11	5	2	4
EOG091709B0	0.711	13	6	1	6
EOG091702O8	0.822	12	4	2	6
EOG091704JP	0.886	10	3	2	5
EOG0917049O	0.753	14	6	2	6
EOG0917049V	0.875	13	6	1	6
EOG091701QO	0.555	14	6	2	6
EOG0917027C	0.74	14	6	2	6
EOG09170APV	0.656	12	5	1	6
EOG091704ZQ	0.576	14	6	2	6
EOG091704Z6	0.878	14	6	2	6
EOG091702T1	0.588	14	6	2	6
EOG091702T4	0.682	14	6	2	6
EOG091708FC	0.719	14	6	2	6
EOG09170069	0.62	7	3	1	3
EOG0917006C	0.555	11	5	2	4
EOG091709L9	0.525	13	6	2	5
EOG091702I1	0.651	7	3	1	3
EOG091700SK	0.793	13	5	2	6
EOG0917047V	0.787	13	5	2	6
EOG09170476	0.822	12	5	2	5
EOG0917045Q	0.604	13	5	2	6
EOG09170ARV	0.51	12	5	2	5
EOG091704X1	0.902	12	5	2	5
EOG091704X7	0.868	11	4	2	5
EOG091704X6	0.812	14	6	2	6
EOG09170043	0.636	14	6	2	6
EOG09170044	0.76	14	6	2	6
EOG09170047	0.707	14	6	2	6
EOG091703P9	0.524	11	5	2	4
EOG091709NC	0.693	13	5	2	6
EOG091702K4	0.894	14	6	2	6
EOG091700QI	0.52	13	5	2	6
EOG091700QL	0.616	14	6	2	6
EOG091700QG	0.736	14	6	2	6
EOG0917018O	0.752	14	6	2	6
EOG0917018Z	0.559	12	4	2	6
EOG0917023X	0.529	14	6	2	6
EOG0917023F	0.719	14	6	2	6
EOG0917098P	0.831	13	6	2	5
EOG091705Q2	0.718	14	6	2	6
EOG091705QJ	0.565	7	3	1	3
EOG091705QO	0.587	12	6	2	4
EOG0917098E	0.919	13	5	2	6
EOG091702PA	0.764	13	6	2	5
EOG091702PV	0.71	14	6	2	6
EOG091704VA	0.798	11	5	2	4
EOG091704VS	0.523	13	5	2	6
EOG091709H2	0.925	13	5	2	6
EOG09170AKB	0.628	12	5	1	6
EOG0917043J	0.851	11	5	2	4
EOG0917043F	0.684	13	5	2	6
EOG09170AUB	0.504	8	4	1	3
EOG091702RD	0.726	14	6	2	6
EOG091704K7	0.514	10	5	1	4
EOG091704T9	0.829	12	4	2	6
EOG091702R1	0.669	6	3	1	2
EOG091708HO	0.824	12	5	2	5
EOG091708HN	0.598	13	5	2	6
EOG091700U0	0.596	14	6	2	6
EOG091706XT	0.907	13	5	2	6
EOG09170AEK	0.771	14	6	2	6
EOG09170AEM	0.655	13	5	2	6
EOG09170147	0.716	14	6	2	6
EOG091701IU	0.864	14	6	2	6
EOG091701IS	0.906	14	6	2	6
EOG091701IR	0.87	14	6	2	6
EOG091701IO	0.649	14	6	2	6
EOG091707ST	0.731	14	6	2	6
EOG091705UU	0.796	13	5	2	6
EOG0917045R	0.837	11	4	1	6
EOG0917035D	0.745	13	5	2	6
EOG091700K2	0.895	13	5	2	6
EOG091701KW	0.528	14	6	2	6
EOG09170AB9	0.684	11	5	1	5
EOG0917029I	0.905	14	6	2	6
EOG0917029S	0.574	12	6	2	4
EOG0917016B	0.819	13	5	2	6
EOG091708Y7	0.542	8	4	1	3
EOG09170768	0.752	13	5	2	6
EOG091704P5	0.777	9	4	1	4
EOG091708LG	0.818	13	5	2	6
EOG091705P3	0.736	14	6	2	6
EOG09170333	0.864	14	6	2	6
EOG0917033L	0.884	14	6	2	6
EOG0917033K	0.797	13	5	2	6
EOG09170AA3	0.664	8	3	1	4
EOG091700IJ	0.792	12	5	2	5
EOG091701EK	0.642	14	6	2	6
EOG091701EO	0.612	13	6	2	5
EOG091701EP	0.87	14	6	2	6
EOG091701EZ	0.622	14	6	2	6
EOG091701E2	0.564	13	5	2	6
EOG091701E1	0.834	13	5	2	6
EOG091701E4	0.661	14	6	2	6
EOG091707WT	0.625	13	5	2	6
EOG091706RG	0.591	6	2	1	3
EOG0917081B	0.77	10	4	1	5
EOG09170A3D	0.699	13	6	1	6
EOG091705YW	0.791	14	6	2	6
EOG091706RP	0.639	14	6	2	6
EOG091702XF	0.794	7	4	1	2
EOG091702XS	0.559	13	6	1	6
EOG091702X8	0.744	14	6	2	6
EOG091702X1	0.766	13	5	2	6
EOG091703FI	0.5	9	3	2	4
EOG09170319	0.669	13	5	2	6
EOG09170312	0.565	14	6	2	6
EOG091707T2	0.621	14	6	2	6
EOG0917031S	0.693	14	6	2	6
EOG091700OH	0.522	14	6	2	6
EOG091701G1	0.809	13	6	2	5
EOG091707UY	0.844	13	6	1	6
EOG091707UM	0.755	8	2	2	4
EOG09170129	0.616	13	6	1	6
EOG0917087G	0.803	12	5	2	5
EOG0917078U	0.531	12	5	1	6
EOG091702ZW	0.81	13	5	2	6
EOG091708P9	0.863	6	2	1	3
EOG0917066T	0.937	9	2	2	5
EOG0917066Z	0.823	14	6	2	6
EOG091707HL	0.746	13	6	2	5
