EOG091700ML	0.488	14	6	2	6
EOG091700MM	0.427	14	6	2	6
EOG091700MJ	0.213	14	6	2	6
EOG091700MK	0.933	14	6	2	6
EOG091700MD	0.372	14	6	2	6
EOG091700MV	0.528	14	6	2	6
EOG091700MT	0.779	10	5	2	3
EOG091700MQ	0.891	14	6	2	6
EOG091700M8	0.796	14	6	2	6
EOG091700M9	0.978	14	6	2	6
EOG091700M6	0.789	14	6	2	6
EOG091700M2	0.867	14	6	2	6
EOG091701AZ	0.383	13	5	2	6
EOG091701AU	0.694	14	6	2	6
EOG091701AS	0.84	13	6	1	6
EOG091701AR	0.851	12	5	2	5
EOG091701AP	0.876	14	6	2	6
EOG091701AM	0.483	14	6	2	6
EOG091701AJ	0.979	14	6	2	6
EOG091701AB	0.972	14	6	2	6
EOG091701AA	0.775	14	6	2	6
EOG09170ATZ	0.403	13	6	1	6
EOG091701A5	0.573	14	6	2	6
EOG091706OQ	0.533	14	6	2	6
EOG091704I7	0.887	14	6	2	6
EOG091704I4	0.876	14	6	2	6
EOG091704IX	0.925	13	6	2	5
EOG091704IY	0.82	13	6	1	6
EOG091704IP	0.253	13	6	1	6
EOG091704IO	0.48	8	3	2	3
EOG091704IH	0.233	13	6	1	6
EOG091704IA	0.973	14	6	2	6
EOG0917050H	0.866	13	6	1	6
EOG0917050J	0.425	12	6	1	5
EOG0917050K	0.948	14	6	2	6
EOG0917050M	0.975	14	6	2	6
EOG0917050Y	0.232	13	5	2	6
EOG0917050R	0.277	13	5	2	6
EOG0917050U	0.385	14	6	2	6
EOG091705DT	0.913	14	6	2	6
EOG09170506	0.366	14	6	2	6
EOG091702DZ	0.604	12	5	2	5
EOG091702DW	0.754	13	5	2	6
EOG091702DD	0.733	14	6	2	6
EOG091702D7	0.969	14	6	2	6
EOG091702D5	0.533	14	6	2	6
EOG091703BR	0.3	14	6	2	6
EOG091703BG	0.624	13	5	2	6
EOG091703BM	0.311	13	6	1	6
EOG091703B6	0.758	14	6	2	6
EOG091706HI	0.315	13	5	2	6
EOG091706HB	0.974	14	6	2	6
EOG091706HE	0.909	14	6	2	6
EOG091706HY	0.257	10	5	2	3
EOG091706HR	0.215	11	5	2	4
EOG091706H9	0.619	14	6	2	6
EOG091706H8	0.215	13	6	1	6
EOG091705DQ	0.264	14	6	2	6
EOG091707NY	0.534	13	6	1	6
EOG091707N4	0.796	14	6	2	6
EOG091700CE	0.665	14	6	2	6
EOG091700CF	0.977	14	6	2	6
EOG091700CH	0.954	14	6	2	6
EOG091700CK	0.982	14	6	2	6
EOG091700CL	0.874	14	6	2	6
EOG091700CM	0.965	14	6	2	6
EOG091708BU	0.841	14	6	2	6
EOG091707FL	0.306	13	5	2	6
EOG091707FI	0.407	14	6	2	6
EOG091700C0	0.333	14	6	2	6
EOG091700C3	0.422	14	6	2	6
EOG091700C6	0.94	14	6	2	6
EOG091700C7	0.662	14	6	2	6
EOG091700C8	0.989	14	6	2	6
EOG091700C9	0.861	14	6	2	6
EOG091701CR	0.631	14	6	2	6
EOG091701CT	0.923	14	6	2	6
EOG091706UQ	0.924	13	6	2	5
EOG091701CI	0.859	14	6	2	6
EOG091701CK	0.595	14	6	2	6
EOG091701CL	0.711	14	6	2	6
EOG091701CN	0.801	14	6	2	6
EOG0917093X	0.796	14	6	2	6
EOG091701C1	0.908	14	6	2	6
EOG091701C0	0.438	14	6	2	6
EOG091701C3	0.888	14	6	2	6
EOG091701C2	0.578	14	6	2	6
EOG091701C4	0.87	14	6	2	6
EOG091706U2	0.75	8	3	1	4
EOG091706S4	0.827	12	5	1	6
EOG091706S5	0.487	14	6	2	6
EOG091704G0	0.977	14	6	2	6
EOG091704G7	0.729	14	6	2	6
EOG091704GR	0.294	14	6	2	6
EOG091704GD	0.816	14	6	2	6
EOG091704GI	0.441	14	6	2	6
EOG091704GK	0.206	13	5	2	6
EOG0917052N	0.858	6	2	1	3
EOG0917052L	0.296	14	6	2	6
EOG0917052M	0.966	14	6	2	6
EOG0917052Z	0.774	13	6	1	6
EOG09170528	0.24	14	6	2	6
EOG09170BBX	0.26	13	6	1	6
EOG091706X1	0.321	13	6	2	5
EOG091702FU	0.938	14	6	2	6
EOG091702FQ	0.811	14	6	2	6
EOG091702FP	0.958	14	6	2	6
EOG091702FL	0.93	14	6	2	6
EOG091702FO	0.894	11	5	1	5
EOG091702FG	0.44	14	6	2	6
EOG091702FB	0.203	14	6	2	6
EOG091702F5	0.205	14	6	2	6
EOG091702F0	0.673	14	6	2	6
EOG091706JH	0.907	14	6	2	6
EOG091706JG	0.321	10	5	1	4
EOG091706JA	0.507	13	6	1	6
EOG091706JY	0.91	13	6	1	6
EOG091708TJ	0.717	14	6	2	6
EOG091706J0	0.427	5	2	1	2
EOG091707LL	0.271	6	2	1	3
EOG091708QE	0.251	13	6	1	6
EOG091707L8	0.326	13	6	1	6
EOG091707L4	0.71	12	4	2	6
EOG091700AX	0.969	14	6	2	6
EOG091700AY	0.593	14	6	2	6
EOG091700AR	0.948	14	6	2	6
EOG091700AS	0.201	13	6	2	5
EOG091700AW	0.983	14	6	2	6
EOG091700AT	0.387	14	6	2	6
EOG091700AJ	0.815	14	6	2	6
EOG091700AO	0.223	14	6	2	6
EOG091700AM	0.64	14	6	2	6
EOG091700AA	0.474	14	6	2	6
EOG091700AD	0.385	14	6	2	6
EOG091700AE	0.58	14	6	2	6
EOG091707R8	0.524	9	3	2	4
EOG091706ZI	0.229	9	4	2	3
EOG091700A9	0.901	14	6	2	6
EOG091700A0	0.785	14	6	2	6
EOG091700A7	0.23	14	6	2	6
EOG091700A5	0.969	13	6	1	6
EOG091706WD	0.578	14	6	2	6
EOG091707X2	0.881	13	6	1	6
EOG091706W9	0.92	13	5	2	6
EOG091704EJ	0.839	14	6	2	6
EOG091704ET	0.756	14	6	2	6
EOG091705A1	0.951	13	5	2	6
EOG09170092	0.425	14	6	2	6
EOG09170729	0.352	14	6	2	6
EOG09170098	0.361	14	6	2	6
EOG0917054F	0.963	14	6	2	6
EOG0917054O	0.646	14	6	2	6
EOG0917054K	0.38	14	6	2	6
EOG0917054T	0.453	14	6	2	6
EOG0917054Q	0.308	14	6	2	6
EOG0917054Y	0.855	13	6	1	6
EOG09170545	0.968	14	6	2	6
EOG0917009B	0.975	14	6	2	6
EOG0917009O	0.914	13	5	2	6
EOG0917009U	0.9	14	6	2	6
EOG091705AB	0.644	14	6	2	6
EOG0917009Y	0.976	14	6	2	6
EOG09170401	0.956	14	6	2	6
EOG09170402	0.47	14	6	2	6
EOG091700ZI	0.765	14	6	2	6
EOG091700ZM	0.385	14	6	2	6
EOG091700ZC	0.734	14	6	2	6
EOG091700ZA	0.977	14	6	2	6
EOG091700ZG	0.633	14	6	2	6
EOG091700ZR	0.634	13	6	2	5
EOG091700Z2	0.906	14	6	2	6
EOG091700Z0	0.97	14	6	2	6
EOG0917039I	0.694	14	6	2	6
EOG0917039H	0.413	13	5	2	6
EOG0917039O	0.738	14	6	2	6
EOG0917039T	0.983	14	6	2	6
EOG0917039V	0.713	14	6	2	6
EOG091701XY	0.362	14	6	2	6
EOG091703N1	0.223	12	5	2	5
EOG091702M7	0.712	14	6	2	6
EOG091703NL	0.278	14	6	2	6
EOG091703NR	0.887	14	6	2	6
EOG091703NV	0.97	14	6	2	6
EOG091701X1	0.227	14	6	2	6
EOG091701X3	0.895	14	6	2	6
EOG091705NC	0.945	14	6	2	6
EOG09170794	0.93	14	6	2	6
EOG091709X0	0.857	10	4	1	5
EOG0917040R	0.975	14	6	2	6
EOG0917015V	0.962	14	6	2	6
EOG091703ID	0.755	14	6	2	6
EOG091700GZ	0.478	14	6	2	6
EOG091700GV	0.35	14	6	2	6
EOG091700GQ	0.862	14	6	2	6
EOG091700GJ	0.788	13	5	2	6
EOG091700GC	0.928	14	6	2	6
EOG091700G8	0.98	14	6	2	6
EOG091700G0	0.967	14	6	2	6
EOG091709JM	0.972	14	6	2	6
EOG091704C6	0.259	14	6	2	6
EOG091704C0	0.981	14	6	2	6
EOG091704C1	0.394	13	6	1	6
EOG091704CL	0.794	14	6	2	6
EOG091704CK	0.891	14	6	2	6
EOG091704CD	0.395	13	6	1	6
EOG091704CF	0.816	10	3	2	5
EOG091704CA	0.773	14	6	2	6
EOG091704CC	0.931	14	6	2	6
EOG091704CV	0.311	14	6	2	6
EOG091704CS	0.854	14	6	2	6
EOG091705C4	0.409	14	6	2	6
EOG091705C2	0.295	8	2	2	4
EOG0917056Z	0.892	11	5	2	4
EOG0917056T	0.329	14	6	2	6
EOG0917056L	0.953	14	6	2	6
EOG0917056I	0.238	13	6	1	6
EOG09170561	0.326	13	5	2	6
EOG091705CW	0.545	14	6	2	6
EOG091705CQ	0.927	13	5	2	6
EOG091705CS	0.263	14	6	2	6
EOG091705CO	0.785	14	6	2	6
EOG091705CN	0.898	14	6	2	6
EOG091705CI	0.213	13	6	1	6
EOG09170BNJ	0.789	12	6	2	4
EOG09170957	0.413	11	5	1	5
EOG091705GJ	0.271	12	5	2	5
EOG091705GL	0.514	14	6	2	6
EOG091705GN	0.707	14	6	2	6
EOG091709G4	0.564	13	5	2	6
EOG091709GT	0.241	14	6	2	6
EOG091700XI	0.971	14	6	2	6
EOG091700XY	0.497	8	4	1	3
EOG091702B1	0.947	13	6	1	6
EOG091702B4	0.94	14	6	2	6
EOG091702B7	0.798	13	6	1	6
EOG091702BN	0.946	10	5	1	4
EOG091702BA	0.955	14	6	2	6
EOG091702BB	0.949	14	6	2	6
EOG091702BE	0.312	14	6	2	6
EOG091702BQ	0.293	14	6	2	6
EOG091702BP	0.898	14	6	2	6
EOG091700X8	0.977	13	6	1	6
EOG091700X0	0.53	14	6	2	6
EOG091701ZV	0.58	14	6	2	6
EOG091701ZR	0.947	14	6	2	6
EOG091701ZS	0.838	14	6	2	6
EOG091701ZO	0.926	14	6	2	6
EOG091701ZD	0.268	13	6	2	5
EOG091703L8	0.201	14	6	2	6
EOG091703L9	0.644	13	6	1	6
EOG091703LY	0.648	13	6	1	6
EOG091703LR	0.829	14	6	2	6
EOG091703LB	0.859	13	6	1	6
EOG091703LD	0.905	14	6	2	6
EOG091701Z0	0.686	14	6	2	6
EOG0917091E	0.519	12	5	1	6
EOG0917091M	0.29	12	6	1	5
EOG0917091K	0.948	13	6	2	5
EOG0917091I	0.595	14	6	2	6
EOG09170911	0.655	7	3	1	3
EOG091700EW	0.831	14	6	2	6
EOG091700ES	0.409	14	6	2	6
EOG0917061E	0.558	14	6	2	6
EOG091700EX	0.965	14	6	2	6
EOG091700EF	0.24	14	6	2	6
EOG091700EE	0.899	14	6	2	6
EOG091700EL	0.813	14	6	2	6
EOG091700EM	0.929	14	6	2	6
EOG0917003S	0.867	14	6	2	6
EOG091700E0	0.967	14	6	2	6
EOG0917003Y	0.337	14	6	2	6
EOG0917003K	0.967	14	6	2	6
EOG091705G7	0.665	13	6	2	5
EOG091706D1	0.509	14	6	2	6
EOG091704A4	0.277	14	6	2	6
EOG091704A3	0.911	14	6	2	6
EOG091704AF	0.848	14	6	2	6
EOG091704AO	0.956	14	6	2	6
EOG091704AJ	0.227	14	6	2	6
EOG091704AK	0.707	14	6	2	6
EOG091705E0	0.449	14	6	2	6
EOG09170767	0.843	13	6	1	6
EOG0917058S	0.911	14	6	2	6
EOG0917058W	0.451	14	6	2	6
EOG0917058X	0.969	14	6	2	6
EOG091705EW	0.803	13	5	2	6
EOG091703W8	0.463	14	6	2	6
EOG091703W6	0.401	10	4	1	5
EOG091703WJ	0.644	14	6	2	6
EOG091703WH	0.836	14	6	2	6
EOG091703WG	0.32	14	6	2	6
EOG0917061I	0.591	14	6	2	6
EOG091709AZ	0.944	14	6	2	6
EOG091709AX	0.736	13	6	1	6
EOG091708CR	0.638	12	5	2	5
EOG091702LA	0.735	11	4	2	5
EOG091702LE	0.325	14	6	2	6
EOG091702LK	0.703	14	6	2	6
EOG091702LJ	0.939	14	6	2	6
EOG091702LO	0.974	14	6	2	6
EOG091702LN	0.727	14	6	2	6
EOG091702LR	0.248	8	3	2	3
EOG091702LP	0.946	13	5	2	6
EOG091702LX	0.59	14	6	2	6
EOG091701TP	0.861	12	5	1	6
EOG091701TW	0.546	14	6	2	6
EOG091701TX	0.253	14	6	2	6
EOG091701TK	0.425	11	5	2	4
EOG091701TO	0.987	14	6	2	6
EOG091703J9	0.756	14	6	2	6
EOG091703JY	0.808	14	6	2	6
EOG091703JZ	0.842	14	6	2	6
EOG091703JN	0.963	14	6	2	6
EOG091703JJ	0.322	14	6	2	6
EOG091703JD	0.63	14	6	2	6
EOG091701T5	0.932	13	5	2	6
EOG091701T6	0.316	14	6	2	6
EOG0917024M	0.232	14	6	2	6
EOG0917024L	0.945	14	6	2	6
EOG0917024A	0.823	14	6	2	6
EOG091707FG	0.431	14	6	2	6
EOG0917093Y	0.238	13	6	1	6
EOG0917024Z	0.869	14	6	2	6
EOG0917024R	0.967	13	6	2	5
EOG0917024W	0.298	14	6	2	6
EOG0917024V	0.913	14	6	2	6
EOG0917024T	0.895	12	6	2	4
EOG09170AWL	0.238	9	4	2	3
EOG091708DN	0.219	14	6	2	6
EOG0917095I	0.403	13	5	2	6
EOG0917014P	0.859	13	6	1	6
EOG0917014Q	0.229	14	6	2	6
EOG0917041T	0.276	14	6	2	6
EOG0917014S	0.953	14	6	2	6
EOG0917014U	0.978	14	6	2	6
EOG0917014W	0.558	14	6	2	6
EOG09170030	0.777	14	6	2	6
EOG09170036	0.969	14	6	2	6
EOG09170038	0.637	14	6	2	6
EOG09170039	0.961	14	6	2	6
EOG091705GE	0.954	14	6	2	6
EOG091705GX	0.34	14	6	2	6
EOG091705GP	0.295	14	6	2	6
EOG0917014B	0.953	14	6	2	6
EOG0917014E	0.958	14	6	2	6
EOG0917003Q	0.45	14	6	2	6
EOG0917003U	0.234	14	6	2	6
EOG0917003W	0.567	12	5	2	5
EOG0917003X	0.267	14	6	2	6
EOG0917014M	0.563	13	6	1	6
EOG0917003H	0.783	14	6	2	6
EOG0917014O	0.287	14	6	2	6
EOG0917003L	0.695	14	6	2	6
EOG0917003M	0.402	14	6	2	6
EOG0917003O	0.976	14	6	2	6
EOG09170140	0.21	14	6	2	6
EOG09170141	0.483	12	5	2	5
EOG09170145	0.914	14	6	2	6
EOG09170411	0.973	14	6	2	6
EOG091703U4	0.909	14	6	2	6
EOG091703U0	0.366	14	6	2	6
EOG091703U2	0.89	14	6	2	6
EOG091703UG	0.861	14	6	2	6
EOG091703UF	0.944	13	6	1	6
EOG091703UA	0.958	14	6	2	6
EOG091703UV	0.37	12	5	2	5
EOG091703UP	0.958	14	6	2	6
EOG091703UR	0.751	14	6	2	6
EOG091709C5	0.406	5	2	1	2
EOG091709C6	0.428	13	5	2	6
EOG091709CN	0.393	13	5	2	6
EOG091702N8	0.897	13	6	2	5
EOG091702NB	0.424	14	6	2	6
EOG091702NH	0.257	13	6	1	6
EOG091702NK	0.37	14	6	2	6
EOG091702NV	0.741	11	5	2	4
EOG091702NR	0.647	14	6	2	6
EOG091706BV	0.283	12	4	2	6
EOG091706BH	0.24	13	6	1	6
EOG091701VJ	0.865	14	6	2	6
EOG091701VI	0.421	14	6	2	6
EOG091703H2	0.283	14	6	2	6
EOG091701VO	0.207	14	6	2	6
EOG091701VM	0.948	14	6	2	6
EOG091701VB	0.976	14	6	2	6
EOG091703H8	0.868	14	6	2	6
EOG091701VX	0.611	14	6	2	6
EOG091701VQ	0.325	14	6	2	6
EOG091703HW	0.799	14	6	2	6
EOG091703HQ	0.66	14	6	2	6
EOG091701V2	0.319	14	6	2	6
EOG091703HL	0.443	14	6	2	6
EOG091703HJ	0.965	14	6	2	6
EOG09170489	0.972	14	6	2	6
EOG0917026H	0.337	14	6	2	6
EOG0917026F	0.203	12	5	1	6
EOG0917026Z	0.812	14	6	2	6
EOG09170266	0.717	14	6	2	6
EOG09170263	0.211	14	6	2	6
EOG0917048J	0.633	14	6	2	6
EOG0917048O	0.957	14	6	2	6
EOG0917048D	0.743	14	6	2	6
EOG0917048G	0.809	13	5	2	6
EOG0917048X	0.25	13	5	2	6
EOG0917095B	0.944	12	5	2	5
EOG091707F7	0.485	14	6	2	6
EOG09170B7Y	0.31	14	6	2	6
EOG091708FQ	0.27	8	3	2	3
EOG091708IN	0.224	13	5	2	6
EOG091700RN	0.685	14	6	2	6
EOG0917001J	0.977	14	6	2	6
EOG0917001C	0.956	14	6	2	6
EOG0917001G	0.957	14	6	2	6
EOG0917001Z	0.572	14	6	2	6
EOG091705IT	0.223	14	6	2	6
EOG0917001W	0.972	14	6	2	6
EOG091703H4	0.739	14	6	2	6
EOG091701VN	0.83	13	5	2	6
EOG09170018	0.908	14	6	2	6
EOG091705I4	0.461	13	5	2	6
EOG09170011	0.979	14	6	2	6
EOG09170017	0.953	14	6	2	6
EOG091703S5	0.965	13	5	2	6
EOG091703SG	0.629	14	6	2	6
EOG091703SF	0.964	14	6	2	6
EOG091703SE	0.261	13	5	2	6
EOG091703SD	0.255	13	6	1	6
EOG091703SI	0.473	13	5	2	6
EOG091703SQ	0.972	14	6	2	6
EOG091703SZ	0.845	14	6	2	6
EOG091703SX	0.827	14	6	2	6
EOG091709M0	0.245	13	6	1	6
EOG091706LT	0.658	13	6	1	6
EOG091709MD	0.911	14	6	2	6
EOG091701V8	0.98	14	6	2	6
EOG091701V9	0.97	14	6	2	6
EOG091700RS	0.477	14	6	2	6
EOG091700RP	0.947	14	6	2	6
EOG091700RV	0.968	14	6	2	6
EOG091700RU	0.328	14	6	2	6
EOG091700RG	0.935	14	6	2	6
EOG091700RD	0.978	14	6	2	6
EOG091700RK	0.387	14	6	2	6
EOG091700RH	0.985	14	6	2	6
EOG091702H9	0.33	14	6	2	6
EOG091702H8	0.955	14	6	2	6
EOG091702H7	0.547	14	6	2	6
EOG091702HY	0.888	13	5	2	6
EOG091702HW	0.488	14	6	2	6
EOG091702HS	0.769	13	6	2	5
EOG091702HJ	0.25	14	6	2	6
EOG091702HE	0.937	13	6	2	5
EOG091700R3	0.946	14	6	2	6
EOG091700R1	0.771	14	6	2	6
EOG091700R0	0.942	13	6	1	6
EOG091700R8	0.938	14	6	2	6
EOG091701PL	0.615	11	5	2	4
EOG091701PJ	0.3	14	6	2	6
EOG091701PD	0.899	14	6	2	6
EOG091701PX	0.836	14	6	2	6
EOG091701PT	0.736	14	6	2	6
EOG091701P8	0.365	14	6	2	6
EOG091701P4	0.976	14	6	2	6
EOG09170465	0.956	14	6	2	6
EOG09170464	0.612	14	6	2	6
EOG0917020F	0.821	14	6	2	6
EOG0917020T	0.438	14	6	2	6
EOG0917020S	0.953	14	6	2	6
EOG0917020Y	0.666	13	5	2	6
EOG09170202	0.963	14	6	2	6
EOG0917046M	0.771	14	6	2	6
EOG0917046X	0.646	14	6	2	6
EOG091709UD	0.607	14	6	2	6
EOG091707DY	0.922	14	6	2	6
EOG0917007M	0.931	14	6	2	6
EOG0917007O	0.227	14	6	2	6
EOG0917007J	0.923	11	5	1	5
EOG091705KI	0.853	14	6	2	6
EOG0917007U	0.951	14	6	2	6
EOG0917007V	0.245	14	6	2	6
EOG0917007W	0.275	14	6	2	6
EOG0917007P	0.217	14	6	2	6
EOG091702U8	0.913	13	5	2	6
EOG091702U9	0.868	14	6	2	6
EOG091702U6	0.249	14	6	2	6
EOG091702UJ	0.974	14	6	2	6
EOG091702UB	0.257	13	6	1	6
EOG091702UU	0.766	14	6	2	6
EOG091702UW	0.716	14	6	2	6
EOG091705K6	0.965	14	6	2	6
EOG09170074	0.74	14	6	2	6
EOG09170076	0.3	14	6	2	6
EOG09170070	0.97	14	6	2	6
EOG09170072	0.967	14	6	2	6
EOG09170073	0.913	14	6	2	6
EOG0917069R	0.238	14	6	2	6
EOG0917069N	0.571	13	5	2	6
EOG091705MX	0.524	8	3	1	4
EOG0917069G	0.815	13	6	2	5
EOG091703Q0	0.217	13	6	2	5
EOG091703QP	0.562	14	6	2	6
EOG091703QH	0.443	13	6	1	6
EOG091703QE	0.286	14	6	2	6
EOG091703QG	0.755	14	6	2	6
EOG09170699	0.745	13	6	2	5
EOG09170690	0.32	13	5	2	6
EOG09170692	0.808	14	6	2	6
EOG091709OC	0.324	14	6	2	6
EOG091700PT	0.962	13	5	2	6
EOG091700PV	0.49	14	6	2	6
EOG091700PP	0.327	14	6	2	6
EOG091700PR	0.534	14	6	2	6
EOG091700PY	0.559	14	6	2	6
EOG091700PG	0.96	14	6	2	6
EOG091700PM	0.967	14	6	2	6
EOG091700PO	0.938	14	6	2	6
EOG091700PH	0.964	13	6	2	5
EOG091702J1	0.29	14	6	2	6
EOG091702J3	0.957	14	6	2	6
EOG091702J6	0.692	14	6	2	6
EOG091702JQ	0.329	14	6	2	6
EOG091702JX	0.916	14	6	2	6
EOG091702JG	0.654	7	3	1	3
EOG091702JN	0.332	14	6	2	6
EOG091700P6	0.943	14	6	2	6
EOG091700P9	0.942	14	6	2	6
EOG091701RF	0.306	14	6	2	6
EOG091701RD	0.97	14	6	2	6
EOG091701RK	0.213	14	6	2	6
EOG091701RV	0.654	14	6	2	6
EOG091701RW	0.968	14	6	2	6
EOG091701RQ	0.894	14	6	2	6
EOG091706FY	0.66	14	6	2	6
EOG091701R6	0.978	14	6	2	6
EOG091701R4	0.257	14	6	2	6
EOG091701R1	0.702	13	5	2	6
EOG0917022X	0.978	14	6	2	6
EOG0917022R	0.886	14	6	2	6
EOG0917022U	0.278	13	6	1	6
EOG0917022H	0.241	12	5	2	5
EOG0917022K	0.286	5	2	1	2
EOG0917022J	0.645	13	5	2	6
EOG0917022C	0.232	14	6	2	6
EOG0917022E	0.795	14	6	2	6
EOG091707X6	0.872	13	6	1	6
EOG091707X5	0.266	14	6	2	6
EOG09170220	0.835	14	6	2	6
EOG09170223	0.95	13	5	2	6
EOG09170222	0.957	14	6	2	6
EOG09170225	0.279	14	6	2	6
EOG0917019D	0.945	14	6	2	6
EOG0917044C	0.863	13	6	1	6
EOG0917019L	0.574	14	6	2	6
EOG0917019U	0.823	14	6	2	6
EOG0917019X	0.852	14	6	2	6
EOG0917075V	0.237	11	5	1	5
EOG091704YK	0.553	14	6	2	6
EOG091704YF	0.482	14	6	2	6
EOG091704YP	0.282	14	6	2	6
EOG091704YQ	0.212	14	6	2	6
EOG091704Y2	0.342	13	6	1	6
EOG0917005F	0.932	14	6	2	6
EOG0917005B	0.979	14	6	2	6
EOG0917005C	0.361	14	6	2	6
EOG0917005L	0.973	14	6	2	6
EOG0917005T	0.334	14	6	2	6
EOG0917005U	0.975	14	6	2	6
EOG0917005R	0.794	14	6	2	6
EOG0917005S	0.275	14	6	2	6
EOG0917005X	0.952	14	6	2	6
EOG091702W3	0.657	13	5	2	6
EOG091702W7	0.708	13	5	2	6
EOG091702W5	0.82	13	6	1	6
EOG091702WF	0.241	14	6	2	6
EOG091702WI	0.89	14	6	2	6
EOG091702WP	0.327	14	6	2	6
EOG091702WZ	0.239	13	5	2	6
EOG091705M7	0.655	14	6	2	6
EOG091705M0	0.201	14	6	2	6
EOG09170058	0.96	14	6	2	6
EOG09170059	0.951	14	6	2	6
EOG091704NI	0.971	14	6	2	6
EOG091704NO	0.483	14	6	2	6
EOG091708EL	0.925	14	6	2	6
EOG091700VO	0.325	14	6	2	6
EOG091700VB	0.342	14	6	2	6
EOG091700VT	0.283	14	6	2	6
EOG091700VQ	0.544	9	4	1	4
EOG091700VP	0.97	14	6	2	6
EOG091700V9	0.812	13	6	2	5
EOG091701LY	0.803	13	6	1	6
EOG091701LQ	0.978	14	6	2	6
EOG091701LS	0.971	13	6	1	6
EOG091701LW	0.38	14	6	2	6
EOG091701LI	0.911	14	6	2	6
EOG091701LJ	0.95	14	6	2	6
EOG091701LM	0.205	14	6	2	6
EOG091701LN	0.979	14	6	2	6
EOG091701LG	0.955	14	6	2	6
EOG091701L1	0.916	10	4	2	4
EOG091701L6	0.837	14	6	2	6
EOG091701L7	0.975	14	6	2	6
EOG09170426	0.464	14	6	2	6
EOG0917042H	0.82	14	6	2	6
EOG091705PJ	0.577	14	6	2	6
EOG091705PN	0.66	14	6	2	6
EOG091705PZ	0.244	5	3	1	1
EOG091705PQ	0.431	13	6	1	6
EOG091705ML	0.616	14	6	2	6
EOG09170746	0.322	14	6	2	6
EOG09170747	0.889	14	6	2	6
EOG091704N4	0.877	13	6	1	6
EOG091706L3	0.856	14	6	2	6
EOG09170606	0.86	14	6	2	6
EOG091704WF	0.309	6	2	1	3
EOG091704WM	0.861	14	6	2	6
EOG091704WU	0.329	14	6	2	6
EOG091704W8	0.595	12	5	1	6
EOG091704W9	0.212	14	6	2	6
EOG091705OC	0.962	14	6	2	6
EOG091705OG	0.412	14	6	2	6
EOG091702Q1	0.217	14	6	2	6
EOG091702Q8	0.876	14	6	2	6
EOG091702QF	0.519	14	6	2	6
EOG091702QH	0.462	14	6	2	6
EOG091702QV	0.271	13	5	2	6
EOG091702QS	0.97	13	5	2	6
EOG091702QZ	0.969	14	6	2	6
EOG091705O5	0.509	14	6	2	6
EOG091706ZV	0.358	14	6	2	6
EOG091707RU	0.222	13	5	2	6
EOG091707RW	0.848	14	6	2	6
EOG091709K1	0.644	13	6	1	6
EOG091707RZ	0.367	14	6	2	6
EOG091705ID	0.571	14	6	2	6
EOG091705IN	0.716	13	6	1	6
EOG091708YM	0.632	13	5	2	6
EOG0917060K	0.225	13	6	2	5
EOG0917060H	0.965	14	6	2	6
EOG091700TE	0.936	14	6	2	6
EOG091700TG	0.979	14	6	2	6
EOG091700TI	0.938	14	6	2	6
EOG091700TH	0.412	13	5	2	6
EOG091700TM	0.305	14	6	2	6
EOG091700TL	0.493	14	6	2	6
EOG091700T5	0.832	14	6	2	6
EOG091700T6	0.953	14	6	2	6
EOG091700T8	0.247	14	6	2	6
EOG091701NR	0.92	14	6	2	6
EOG091701NV	0.939	13	5	2	6
EOG091701NT	0.756	13	5	2	6
EOG091701NF	0.818	14	6	2	6
EOG091701NH	0.98	14	6	2	6
EOG091701NN	0.541	14	6	2	6
EOG091701N3	0.865	14	6	2	6
EOG091701N1	0.902	14	6	2	6
EOG091701N4	0.903	14	6	2	6
EOG091706OI	0.855	14	6	2	6
EOG09170153	0.542	14	6	2	6
EOG09170156	0.768	14	6	2	6
EOG09170408	0.868	14	6	2	6
EOG0917015S	0.972	14	6	2	6
EOG0917015W	0.324	13	5	2	6
EOG0917040V	0.757	14	6	2	6
EOG0917040Y	0.275	14	6	2	6
EOG0917015Z	0.49	14	6	2	6
EOG0917040B	0.208	13	6	1	6
EOG0917040D	0.899	14	6	2	6
EOG0917015D	0.569	14	6	2	6
EOG0917015I	0.23	14	6	2	6
EOG0917015H	0.21	13	5	2	6
EOG0917015M	0.949	14	6	2	6
EOG0917015L	0.748	13	5	2	6
EOG091705RD	0.243	11	6	1	4
EOG091705RE	0.802	13	5	2	6
EOG091705RP	0.588	14	6	2	6
EOG091705RQ	0.213	14	6	2	6
EOG091706CI	0.739	14	6	2	6
EOG091706CL	0.543	13	5	2	6
EOG091705R0	0.306	13	5	2	6
EOG091706CS	0.862	14	6	2	6
EOG09170A4D	0.671	8	3	1	4
EOG09170A4H	0.272	13	5	2	6
EOG091704UZ	0.402	9	3	2	4
EOG091704UR	0.278	14	6	2	6
EOG091704UP	0.781	13	5	2	6
EOG091704UU	0.331	13	6	1	6
EOG091704UO	0.627	14	6	2	6
EOG091704UB	0.894	14	6	2	6
EOG091704UF	0.506	14	6	2	6
EOG091704U2	0.437	14	6	2	6
EOG091704U4	0.523	14	6	2	6
EOG091706VQ	0.851	14	6	2	6
EOG09170A6U	0.338	13	5	2	6
EOG091702S6	0.553	14	6	2	6
EOG091702S0	0.825	14	6	2	6
EOG091702SV	0.917	14	6	2	6
EOG091702SL	0.236	14	6	2	6
EOG091702SH	0.929	14	6	2	6
EOG091702SF	0.945	13	5	2	6
EOG091706VE	0.743	12	5	2	5
EOG091708I0	0.393	14	6	2	6
EOG0917036Z	0.971	14	6	2	6
EOG0917036P	0.798	14	6	2	6
EOG09170762	0.964	14	6	2	6
EOG09170360	0.251	14	6	2	6
EOG091709U5	0.213	14	6	2	6
EOG091708AJ	0.756	12	5	1	6
EOG09170646	0.231	13	6	1	6
EOG09170ADS	0.321	10	5	1	4
EOG09170ADL	0.303	14	6	2	6
EOG091700JY	0.896	12	5	2	5
EOG091700JT	0.977	14	6	2	6
EOG091700JH	0.979	14	6	2	6
EOG091700JO	0.808	14	6	2	6
EOG091700JD	0.973	14	6	2	6
EOG091700J3	0.963	14	6	2	6
EOG091700J0	0.97	14	6	2	6
EOG09170AD3	0.342	13	6	1	6
EOG09170640	0.29	14	6	2	6
EOG091701HX	0.935	14	6	2	6
EOG091701HF	0.977	14	6	2	6
EOG091701HM	0.221	14	6	2	6
EOG091701HN	0.723	14	6	2	6
EOG091701HH	0.967	14	6	2	6
EOG091701HI	0.937	14	6	2	6
EOG091701H4	0.974	14	6	2	6
EOG091701H8	0.774	14	6	2	6
EOG0917073D	0.798	13	6	1	6
EOG09170170	0.412	14	6	2	6
EOG09170173	0.863	14	6	2	6
EOG09170172	0.42	14	6	2	6
EOG0917017R	0.93	14	6	2	6
EOG0917017Z	0.601	14	6	2	6
EOG0917017E	0.681	13	5	2	6
EOG0917017J	0.766	14	6	2	6
EOG091705TA	0.634	13	5	2	6
EOG091705TH	0.585	14	6	2	6
EOG09170287	0.977	14	6	2	6
EOG09170282	0.672	14	6	2	6
EOG0917028D	0.203	14	6	2	6
EOG0917028T	0.568	14	6	2	6
EOG0917028S	0.297	14	6	2	6
EOG091705T5	0.408	14	6	2	6
EOG0917082V	0.927	14	6	2	6
EOG0917082I	0.962	13	6	1	6
EOG0917082H	0.701	10	4	2	4
EOG091704SQ	0.855	13	5	2	6
EOG091704SM	0.612	14	6	2	6
EOG091704SH	0.757	14	6	2	6
EOG091704SC	0.662	11	5	1	5
EOG091708UJ	0.75	14	6	2	6
EOG091704S8	0.913	14	6	2	6
EOG091704S5	0.822	14	6	2	6
EOG091704S6	0.251	14	6	2	6
EOG091704S3	0.488	9	4	1	4
EOG0917095W	0.638	14	6	2	6
EOG091703Y4	0.885	14	6	2	6
EOG0917034F	0.811	14	6	2	6
EOG0917034E	0.967	14	6	2	6
EOG0917034Z	0.941	14	6	2	6
EOG0917034Y	0.62	14	6	2	6
EOG09170AHQ	0.734	9	5	2	2
EOG09170346	0.222	7	3	2	2
EOG09170348	0.953	14	6	2	6
EOG091703YD	0.836	12	5	2	5
EOG091703YH	0.97	14	6	2	6
EOG091703YK	0.683	12	6	1	5
EOG091703YO	0.308	14	6	2	6
EOG091703YN	0.401	14	6	2	6
EOG091703YZ	0.394	11	5	2	4
EOG09170ALX	0.867	14	6	2	6
EOG091700RB	0.44	14	6	2	6
EOG091700HZ	0.652	14	6	2	6
EOG091700HP	0.943	14	6	2	6
EOG091700HK	0.35	14	6	2	6
EOG091700HJ	0.407	14	6	2	6
EOG091700HA	0.887	14	6	2	6
EOG091700HC	0.372	14	6	2	6
EOG091700HB	0.884	14	6	2	6
EOG091700H8	0.467	14	6	2	6
EOG091700H6	0.236	14	6	2	6
EOG091702H6	0.253	14	6	2	6
EOG091707QE	0.81	13	6	1	6
EOG091708UY	0.313	14	6	2	6
EOG091707QG	0.689	14	6	2	6
EOG09170AA2	0.262	14	6	2	6
EOG0917011Z	0.914	14	6	2	6
EOG0917011T	0.91	13	6	1	6
EOG0917011R	0.599	14	6	2	6
EOG09170624	0.259	14	6	2	6
EOG091701J8	0.972	14	6	2	6
EOG091701J7	0.559	14	6	2	6
EOG091701J1	0.278	14	6	2	6
EOG091701JY	0.744	14	6	2	6
EOG091701JT	0.95	13	5	2	6
EOG091701JR	0.467	14	6	2	6
EOG091701JP	0.677	14	6	2	6
EOG09170116	0.972	14	6	2	6
EOG09170111	0.547	14	6	2	6
EOG09170110	0.615	14	6	2	6
EOG0917061K	0.367	14	6	2	6
EOG091705VY	0.844	14	6	2	6
EOG091707P2	0.218	13	5	2	6
EOG0917061S	0.763	14	6	2	6
EOG091707PX	0.334	13	6	1	6
EOG091707PY	0.473	14	6	2	6
EOG091704O0	0.95	14	6	2	6
EOG0917074C	0.962	13	6	2	5
EOG091704OI	0.691	14	6	2	6
EOG091704OK	0.468	14	6	2	6
EOG09170801	0.264	12	6	2	4
EOG091704OA	0.93	13	6	1	6
EOG0917080U	0.323	12	6	1	5
EOG091704OD	0.303	13	5	2	6
EOG0917080C	0.684	14	6	2	6
EOG091704OZ	0.257	10	5	1	4
EOG091704QX	0.925	13	6	1	6
EOG091704QD	0.392	14	6	2	6
EOG091704QE	0.209	12	5	1	6
EOG091704QB	0.742	14	6	2	6
EOG0917074J	0.449	13	6	2	5
EOG091704Q7	0.753	14	6	2	6
EOG0917098T	0.743	13	6	1	6
EOG091703G1	0.355	13	5	2	6
EOG091703G0	0.849	10	4	2	4
EOG091708M8	0.484	14	6	2	6
EOG0917032B	0.98	14	6	2	6
EOG0917032C	0.761	13	6	1	6
EOG0917032O	0.948	14	6	2	6
EOG0917032H	0.206	14	6	2	6
EOG0917032J	0.913	14	6	2	6
EOG0917032R	0.369	13	6	1	6
EOG091708MF	0.381	13	6	2	5
EOG091703GZ	0.879	14	6	2	6
EOG091703GY	0.429	14	6	2	6
EOG091703GJ	0.235	14	6	2	6
EOG091703GE	0.21	14	6	2	6
EOG091706D6	0.732	14	6	2	6
EOG091700NW	0.839	14	6	2	6
EOG091700NT	0.771	13	5	2	6
EOG091700NP	0.926	14	6	2	6
EOG09170C1A	0.216	7	3	1	3
EOG091700NX	0.941	14	6	2	6
EOG091700ND	0.976	14	6	2	6
EOG091700NO	0.975	14	6	2	6
EOG091700NL	0.653	14	6	2	6
EOG091700NI	0.977	14	6	2	6
EOG091700N5	0.974	14	6	2	6
EOG091700N1	0.286	13	5	2	6
EOG091700N0	0.977	14	6	2	6
EOG091700N9	0.441	14	6	2	6
EOG091700N8	0.74	14	6	2	6
EOG09170A13	0.217	5	2	1	2
EOG0917013A	0.975	14	6	2	6
EOG0917013J	0.547	14	6	2	6
EOG0917013N	0.412	14	6	2	6
EOG0917013Q	0.978	14	6	2	6
EOG0917013R	0.959	13	6	1	6
EOG0917013W	0.72	14	6	2	6
EOG0917013Y	0.223	14	6	2	6
EOG091701D1	0.201	14	6	2	6
EOG091701D6	0.465	14	6	2	6
EOG091706P8	0.253	12	6	1	5
EOG091701DB	0.395	14	6	2	6
EOG091701DC	0.951	14	6	2	6
EOG091701DD	0.377	14	6	2	6
EOG091701DF	0.507	12	5	1	6
EOG091701DI	0.927	14	6	2	6
EOG091701DR	0.262	11	5	2	4
EOG091701DT	0.89	14	6	2	6
EOG091701DU	0.217	14	6	2	6
EOG091701DY	0.811	14	6	2	6
EOG09170135	0.868	14	6	2	6
EOG091705XC	0.961	13	5	2	6
EOG091705XD	0.939	14	6	2	6
EOG091705XM	0.799	12	4	2	6
EOG091707V9	0.52	9	4	1	4
EOG091707ZX	0.359	13	6	1	6
EOG091707VK	0.668	13	6	1	6
EOG0917086W	0.227	12	5	1	6
EOG0917086U	0.965	12	5	2	5
EOG0917086I	0.903	13	6	1	6
EOG09170A2F	0.221	14	6	2	6
EOG09170A2J	0.476	13	5	2	6
EOG091705HD	0.759	14	6	2	6
EOG091705HX	0.23	14	6	2	6
EOG091702Y0	0.68	14	6	2	6
EOG091708UG	0.258	13	6	1	6
EOG091702YG	0.507	13	6	2	5
EOG091702YX	0.216	14	6	2	6
EOG091702YQ	0.438	10	4	2	4
EOG091703E7	0.379	14	6	2	6
EOG091703E1	0.723	14	6	2	6
EOG0917030Y	0.947	12	5	2	5
EOG0917030S	0.37	14	6	2	6
EOG0917030H	0.256	14	6	2	6
EOG09170306	0.34	14	6	2	6
EOG09170301	0.535	14	6	2	6
EOG091703ER	0.808	14	6	2	6
EOG091703EK	0.726	14	6	2	6
EOG091703EA	0.443	14	6	2	6
EOG091709SQ	0.966	14	6	2	6
EOG09170BZU	0.3	13	5	2	6
EOG0917088H	0.904	13	6	1	6
EOG091700L0	0.81	14	6	2	6
EOG091700L4	0.411	14	6	2	6
EOG091700LC	0.951	14	6	2	6
EOG091700LR	0.85	13	5	2	6
EOG091700LT	0.535	14	6	2	6
EOG091700LV	0.432	14	6	2	6
EOG091704HS	0.203	14	6	2	6
EOG091704HM	0.891	13	6	1	6
EOG091704HC	0.485	12	5	1	6
EOG091704HF	0.626	14	6	2	6
EOG091706R6	0.963	13	6	1	6
EOG091701FX	0.939	14	6	2	6
EOG091706RA	0.968	14	6	2	6
EOG091701FQ	0.889	14	6	2	6
EOG091701FU	0.737	14	6	2	6
EOG091701FH	0.836	14	6	2	6
EOG091701FL	0.969	13	5	2	6
EOG091701FD	0.688	13	6	2	5
EOG091704H8	0.32	13	6	2	5
EOG091704H0	0.907	14	6	2	6
EOG091704H3	0.917	13	5	2	6
EOG091704H7	0.376	14	6	2	6
EOG091705ZK	0.943	14	6	2	6
EOG091705ZB	0.294	7	3	1	3
EOG091705ZA	0.389	10	5	1	4
EOG091705ZY	0.9	14	6	2	6
EOG091707TY	0.288	14	6	2	6
EOG091707TF	0.301	13	6	1	6
EOG091705Z2	0.463	13	5	2	6
EOG091705Z0	0.962	13	6	2	5
EOG09170720	0.29	11	5	2	4
EOG09170722	0.32	12	6	1	5
EOG09170519	0.447	14	6	2	6
EOG09170518	0.533	13	6	2	5
EOG09170512	0.221	7	4	2	1
EOG09170514	0.957	14	6	2	6
EOG0917051E	0.285	13	5	2	6
EOG0917062L	0.235	12	5	1	6
EOG0917089V	0.878	14	6	2	6
EOG0917070N	0.246	14	6	2	6
EOG091706KM	0.465	14	6	2	6
EOG091703C7	0.907	10	3	2	5
EOG091703C1	0.911	14	6	2	6
EOG091704LH	0.509	13	6	2	5
EOG0917067H	0.4	14	6	2	6
EOG09170674	0.608	14	6	2	6
EOG091705AZ	0.932	14	6	2	6
EOG091704LA	0.375	14	6	2	6
EOG091703CT	0.942	14	6	2	6
EOG091703CP	0.858	14	6	2	6
EOG0917072G	0.7	14	6	2	6
EOG091703CY	0.7	14	6	2	6
EOG091703CL	0.932	14	6	2	6
EOG091705AP	0.286	13	6	2	5
EOG091704LQ	0.211	14	6	2	6
EOG091705AO	0.757	14	6	2	6
EOG091708LB	0.315	14	6	2	6
EOG0917072Y	0.883	13	6	1	6
EOG091708LP	0.867	14	6	2	6
EOG091707OK	0.857	14	6	2	6
EOG091700B3	0.88	14	6	2	6
EOG091700B2	0.917	14	6	2	6
EOG091700B0	0.645	14	6	2	6
EOG091700B6	0.977	14	6	2	6
EOG091700BB	0.978	14	6	2	6
EOG091700BA	0.432	14	6	2	6
EOG091700BE	0.813	14	6	2	6
EOG091700BK	0.955	14	6	2	6
EOG091700BI	0.717	14	6	2	6
EOG091700BQ	0.966	14	6	2	6
EOG091700BU	0.913	14	6	2	6
EOG091700BT	0.926	14	6	2	6
EOG091700BY	0.88	12	4	2	6
EOG091700BX	0.207	14	6	2	6
EOG091704FV	0.272	14	6	2	6
EOG091704FZ	0.781	14	6	2	6
EOG091704FG	0.402	13	5	2	6
EOG091704FD	0.828	14	6	2	6
EOG091706T1	0.325	14	6	2	6
EOG091706TV	0.601	12	4	2	6
EOG09170538	0.236	13	5	2	6
EOG09170534	0.203	8	2	2	4
EOG09170533	0.929	14	6	2	6
EOG0917053E	0.514	14	6	2	6
EOG0917053Q	0.725	14	6	2	6
EOG09170BAE	0.239	11	5	1	5
EOG091702E8	0.54	14	6	2	6
EOG091702EP	0.367	14	6	2	6
EOG091702EO	0.752	14	6	2	6
EOG091702EA	0.618	14	6	2	6
EOG091702EC	0.824	14	6	2	6
EOG091702ED	0.862	13	5	2	6
EOG091702EG	0.297	14	6	2	6
EOG091703AZ	0.388	8	4	1	3
EOG091703AU	0.903	14	6	2	6
EOG091703A3	0.763	14	6	2	6
EOG091705KF	0.899	14	6	2	6
EOG091705KB	0.341	14	6	2	6
EOG091706I0	0.225	14	6	2	6
EOG091706I1	0.65	14	6	2	6
EOG091706IM	0.491	14	6	2	6
EOG091706ID	0.73	14	6	2	6
EOG091705KH	0.855	14	6	2	6
EOG091706IX	0.332	14	6	2	6
EOG091706IT	0.968	13	6	1	6
EOG091705KP	0.476	14	6	2	6
EOG0917062N	0.742	12	5	2	5
EOG091707MU	0.347	13	5	2	6
EOG091707MV	0.298	14	6	2	6
EOG0917062Z	0.515	13	6	2	5
EOG091704DT	0.957	13	5	2	6
EOG091704DE	0.806	12	5	2	5
EOG091704DB	0.658	14	6	2	6
EOG091701B4	0.396	14	6	2	6
EOG091701B8	0.359	14	6	2	6
EOG091701B9	0.851	13	6	1	6
EOG091701BU	0.42	14	6	2	6
EOG091701BX	0.764	14	6	2	6
EOG091701BC	0.233	14	6	2	6
EOG091701BA	0.653	14	6	2	6
EOG091701BN	0.893	14	6	2	6
EOG091701BL	0.977	14	6	2	6
EOG0917008H	0.823	14	6	2	6
EOG0917008X	0.839	14	6	2	6
EOG0917008U	0.969	14	6	2	6
EOG0917008T	0.409	14	6	2	6
EOG0917008V	0.71	14	6	2	6
EOG09170089	0.668	14	6	2	6
EOG09170088	0.892	14	6	2	6
EOG091706EA	0.41	14	6	2	6
EOG09170552	0.749	14	6	2	6
EOG091706EC	0.466	13	5	2	6
EOG09170888	0.551	14	6	2	6
EOG09170559	0.231	14	6	2	6
EOG09170558	0.38	13	5	2	6
EOG0917055J	0.602	13	5	2	6
EOG0917055R	0.241	12	4	2	6
EOG0917055Q	0.226	13	5	2	6
EOG091702G3	0.966	14	6	2	6
EOG091702G0	0.481	14	6	2	6
EOG091702G7	0.884	14	6	2	6
EOG091702G5	0.711	14	6	2	6
EOG091702G8	0.671	14	6	2	6
EOG091702GR	0.511	14	6	2	6
EOG091702GS	0.789	14	6	2	6
EOG091702GW	0.442	14	6	2	6
EOG091702GT	0.916	14	6	2	6
EOG091702GZ	0.973	14	6	2	6
EOG091702GB	0.975	14	6	2	6
EOG091702GD	0.926	14	6	2	6
EOG091702GO	0.486	14	6	2	6
EOG091703OG	0.923	14	6	2	6
EOG091703OF	0.962	14	6	2	6
EOG091703OS	0.935	14	6	2	6
EOG091703OR	0.984	14	6	2	6
EOG091703OQ	0.285	13	5	2	6
EOG091703OZ	0.851	13	6	2	5
EOG091703OY	0.206	14	6	2	6
EOG091703O3	0.404	14	6	2	6
EOG091703O7	0.205	14	6	2	6
EOG091703O8	0.381	14	6	2	6
EOG091701Y5	0.949	14	6	2	6
EOG091701Y3	0.343	14	6	2	6
EOG091701Y1	0.944	14	6	2	6
EOG091701YO	0.374	14	6	2	6
EOG091701YL	0.285	14	6	2	6
EOG091701YI	0.459	14	6	2	6
EOG091701YW	0.978	14	6	2	6
EOG091701YT	0.967	14	6	2	6
EOG091701YZ	0.893	12	6	2	4
EOG0917039B	0.815	14	6	2	6
EOG0917039D	0.266	14	6	2	6
EOG091707C1	0.391	13	5	2	6
EOG091707C0	0.932	14	6	2	6
EOG091707C4	0.265	12	5	1	6
EOG091707CT	0.71	14	6	2	6
EOG091701XJ	0.233	14	6	2	6
EOG091707CE	0.804	14	6	2	6
EOG091701XS	0.204	14	6	2	6
EOG091700FZ	0.92	14	6	2	6
EOG091700FX	0.257	14	6	2	6
EOG091700FT	0.527	14	6	2	6
EOG091700FS	0.881	14	6	2	6
EOG091700FP	0.789	14	6	2	6
EOG091700FM	0.935	14	6	2	6
EOG091700FL	0.325	14	6	2	6
EOG091700FH	0.662	14	6	2	6
EOG091700FG	0.289	14	6	2	6
EOG091700FE	0.495	14	6	2	6
EOG091700FC	0.356	13	5	2	6
EOG09170C2F	0.466	6	2	1	3
EOG091704BJ	0.98	14	6	2	6
EOG091704BD	0.796	14	6	2	6
EOG091704BB	0.944	14	6	2	6
EOG091704BX	0.758	13	6	1	6
EOG091704BR	0.345	13	5	2	6
EOG091704BP	0.464	14	6	2	6
EOG091704B4	0.871	14	6	2	6
EOG0917071A	0.831	13	6	1	6
EOG09170577	0.769	12	5	2	5
EOG0917057C	0.846	13	6	1	6
EOG0917057G	0.343	14	6	2	6
EOG0917057F	0.612	14	6	2	6
EOG091709DO	0.685	13	6	1	6
EOG091709DS	0.927	14	6	2	6
EOG091701X6	0.297	13	6	1	6
EOG09170BMX	0.204	9	4	1	4
EOG09170396	0.421	13	5	2	6
EOG091702A7	0.494	14	6	2	6
EOG091702A1	0.923	14	6	2	6
EOG091702A2	0.955	14	6	2	6
EOG091702AP	0.967	14	6	2	6
EOG091702AE	0.254	12	5	2	5
EOG091702AG	0.753	14	6	2	6
EOG091702AB	0.963	14	6	2	6
EOG091702AC	0.483	14	6	2	6
EOG091703MB	0.235	14	6	2	6
EOG091703MO	0.557	14	6	2	6
EOG091703MI	0.463	14	6	2	6
EOG091703MW	0.369	14	6	2	6
EOG091703MV	0.833	12	5	2	5
EOG091705IX	0.27	14	6	2	6
EOG091703M0	0.848	13	6	1	6
EOG091703M3	0.946	14	6	2	6
EOG091703M9	0.854	13	6	1	6
EOG091703M8	0.293	14	6	2	6
EOG09170A5R	0.244	11	5	2	4
EOG09170388	0.365	14	6	2	6
EOG0917038O	0.338	14	6	2	6
EOG0917038H	0.258	14	6	2	6
EOG0917038S	0.908	14	6	2	6
EOG0917038Q	0.629	12	5	2	5
EOG091707A1	0.26	13	5	2	6
EOG091707AA	0.956	14	6	2	6
EOG091707AB	0.947	13	5	2	6
EOG091707AH	0.239	14	6	2	6
EOG091700D0	0.921	14	6	2	6
EOG091700D5	0.944	11	3	2	6
EOG091700D4	0.896	14	6	2	6
EOG091700D9	0.662	14	6	2	6
EOG091709XC	0.928	14	6	2	6
EOG091700DQ	0.928	14	6	2	6
EOG091700DR	0.925	14	6	2	6
EOG091700DW	0.285	14	6	2	6
EOG091700DZ	0.639	10	4	2	4
EOG091700DD	0.482	14	6	2	6
EOG091700DM	0.797	14	6	2	6
EOG091700DL	0.974	14	6	2	6
EOG091705BR	0.935	14	6	2	6
EOG091705BS	0.887	14	6	2	6
EOG091705BV	0.978	14	6	2	6
EOG0917077V	0.936	13	5	2	6
EOG091705BJ	0.269	12	5	2	5
EOG091705BI	0.9	8	4	1	3
EOG091705BL	0.233	14	6	2	6
EOG091705B2	0.232	9	5	1	3
EOG091705B7	0.616	14	6	2	6
EOG091705B8	0.969	14	6	2	6
EOG091704M9	0.232	14	6	2	6
EOG09170591	0.506	14	6	2	6
EOG09170596	0.944	14	6	2	6
EOG091704MH	0.27	14	6	2	6
EOG091704MI	0.607	13	5	2	6
EOG0917059O	0.499	13	6	2	5
EOG091704MT	0.688	14	6	2	6
EOG091709FK	0.328	12	5	1	6
EOG091704MZ	0.943	14	6	2	6
EOG091702CL	0.948	14	6	2	6
EOG091702CM	0.299	14	6	2	6
EOG091702CA	0.963	14	6	2	6
EOG091702CR	0.96	14	6	2	6
EOG091702CQ	0.337	14	6	2	6
EOG091706FD	0.664	13	5	2	6
EOG091702C8	0.784	14	6	2	6
EOG091702C4	0.882	14	6	2	6
EOG091702C0	0.594	14	6	2	6
EOG091708YX	0.496	12	5	2	5
EOG091703KR	0.259	14	6	2	6
EOG091703KO	0.381	13	5	2	6
EOG091703KM	0.647	12	5	2	5
EOG091700Y3	0.868	14	6	2	6
EOG091700YF	0.976	14	6	2	6
EOG091700YJ	0.901	14	6	2	6
EOG091700YH	0.955	14	6	2	6
EOG091700YV	0.938	14	6	2	6
EOG091700YU	0.746	14	6	2	6
EOG091703K0	0.61	14	6	2	6
EOG091706O3	0.671	9	4	1	4
EOG091701UQ	0.923	14	6	2	6
EOG091701UT	0.983	14	6	2	6
EOG091701UD	0.712	14	6	2	6
EOG091701UO	0.253	13	6	2	5
EOG091701UN	0.746	14	6	2	6
EOG091706F6	0.596	14	6	2	6
EOG09170907	0.949	12	5	1	6
EOG0917090Q	0.954	13	6	1	6
EOG0917090B	0.963	13	5	2	6
EOG0917090O	0.295	13	6	1	6
EOG0917090H	0.595	12	5	2	5
EOG091707GE	0.797	14	6	2	6
EOG09170ATA	0.384	6	2	1	3
EOG091708DC	0.494	14	6	2	6
EOG0917002S	0.963	14	6	2	6
EOG0917002R	0.976	14	6	2	6
EOG0917002Q	0.948	14	6	2	6
EOG0917002U	0.976	14	6	2	6
EOG0917002T	0.966	14	6	2	6
EOG0917002Y	0.296	14	6	2	6
EOG091706GU	0.5	14	6	2	6
EOG091705DG	0.344	13	6	1	6
EOG0917002F	0.543	14	6	2	6
EOG0917002J	0.958	14	6	2	6
EOG0917002I	0.203	14	6	2	6
EOG0917002O	0.347	14	6	2	6
EOG0917002N	0.221	14	6	2	6
EOG0917002M	0.599	13	5	2	6
EOG09170021	0.978	14	6	2	6
EOG09170758	0.831	14	6	2	6
EOG09170029	0.656	14	6	2	6
EOG091703V8	0.254	14	6	2	6
EOG091705JZ	0.905	14	6	2	6
EOG091702ML	0.973	14	6	2	6
EOG091702MU	0.865	12	5	1	6
EOG091702MZ	0.873	11	5	2	4
EOG0917044E	0.31	14	6	2	6
EOG0917019O	0.902	14	6	2	6
EOG091702M5	0.456	14	6	2	6
EOG0917044O	0.26	13	6	1	6
EOG091703IA	0.967	14	6	2	6
EOG091703IH	0.97	14	6	2	6
EOG091703IM	0.264	14	6	2	6
EOG0917044W	0.903	14	6	2	6
EOG0917044S	0.892	14	6	2	6
EOG091703I2	0.962	14	6	2	6
EOG091707YX	0.453	14	6	2	6
EOG0917044X	0.496	14	6	2	6
EOG091701W5	0.772	13	6	1	6
EOG091701W3	0.626	14	6	2	6
EOG091701W2	0.931	14	6	2	6
EOG091701WW	0.401	14	6	2	6
EOG091701WQ	0.314	14	6	2	6
EOG091701WY	0.519	14	6	2	6
EOG091701WG	0.499	14	6	2	6
EOG091701WL	0.35	14	6	2	6
EOG091701WI	0.577	13	6	1	6
EOG091701WH	0.348	14	6	2	6
EOG091701WJ	0.486	13	6	2	5
EOG0917072F	0.795	14	6	2	6
EOG09170256	0.451	14	6	2	6
EOG0917025M	0.218	14	6	2	6
EOG0917025D	0.593	14	6	2	6
EOG0917025F	0.805	14	6	2	6
EOG0917025P	0.519	14	6	2	6
EOG0917025R	0.813	12	5	2	5
EOG0917025S	0.888	11	4	1	6
EOG091708MM	0.508	14	6	2	6
EOG09170709	0.221	14	6	2	6
EOG0917000W	0.964	14	6	2	6
EOG0917000X	0.951	14	6	2	6
EOG0917000E	0.264	14	6	2	6
EOG0917000D	0.964	14	6	2	6
EOG0917000F	0.8	14	6	2	6
EOG0917000L	0.905	13	6	1	6
EOG0917000O	0.975	14	6	2	6
EOG0917000I	0.968	13	6	1	6
EOG0917000K	0.95	13	6	2	5
EOG09170006	0.927	14	6	2	6
EOG09170001	0.936	14	6	2	6
EOG091703TG	0.866	11	5	2	4
EOG091703TJ	0.269	14	6	2	6
EOG091703TS	0.255	14	6	2	6
EOG091706A1	0.606	14	6	2	6
EOG091705FM	0.266	10	4	2	4
EOG091705FA	0.957	13	6	2	5
EOG091703T2	0.314	14	6	2	6
EOG091703T3	0.309	13	6	1	6
EOG091703T8	0.643	13	6	1	6
EOG091703T9	0.952	14	6	2	6
EOG091708R4	0.902	10	5	1	4
EOG091706M4	0.386	13	6	1	6
EOG091702OP	0.439	14	6	2	6
EOG091702OK	0.68	14	6	2	6
EOG091702OI	0.606	14	6	2	6
EOG091702ON	0.576	14	6	2	6
EOG091702OM	0.383	7	4	1	2
EOG091702OC	0.88	14	6	2	6
EOG091702OA	0.702	14	6	2	6
EOG091702OE	0.771	14	6	2	6
EOG091702O6	0.841	14	6	2	6
EOG09170AM2	0.837	13	5	2	6
EOG091704JU	0.508	14	6	2	6
EOG0917070V	0.316	13	6	1	6
EOG091706C8	0.915	14	6	2	6
EOG091701Q0	0.696	14	6	2	6
EOG0917049N	0.932	14	6	2	6
EOG0917049X	0.275	14	6	2	6
EOG0917049T	0.781	14	6	2	6
EOG0917070L	0.917	14	6	2	6
EOG09170498	0.521	14	6	2	6
EOG091701QM	0.852	14	6	2	6
EOG091701QL	0.284	14	6	2	6
EOG091701QK	0.402	14	6	2	6
EOG091701QJ	0.247	14	6	2	6
EOG091701QF	0.485	14	6	2	6
EOG091701QC	0.928	14	6	2	6
EOG091701QZ	0.201	14	6	2	6
EOG091701QX	0.59	14	6	2	6
EOG091701QV	0.931	14	6	2	6
EOG091701QQ	0.646	13	6	1	6
EOG09170275	0.975	14	6	2	6
EOG091706P6	0.748	14	6	2	6
EOG0917027D	0.858	13	6	2	5
EOG0917027J	0.928	14	6	2	6
EOG0917027I	0.612	14	6	2	6
EOG0917027L	0.968	14	6	2	6
EOG0917027S	0.322	13	6	1	6
EOG0917027P	0.902	14	6	2	6
EOG0917027U	0.715	13	5	2	6
EOG09170BJP	0.648	13	6	1	6
EOG091706PL	0.227	13	5	2	6
EOG091706PT	0.719	14	6	2	6
EOG091704ZR	0.481	14	6	2	6
EOG091704ZP	0.255	13	6	1	6
EOG091704ZG	0.968	14	6	2	6
EOG091704ZB	0.359	14	6	2	6
EOG091702TK	0.948	14	6	2	6
EOG091702TH	0.386	14	6	2	6
EOG091702TB	0.326	13	5	2	6
EOG091702TF	0.613	14	6	2	6
EOG091702TD	0.973	14	6	2	6
EOG091702TZ	0.834	13	5	2	6
EOG091702TY	0.505	14	6	2	6
EOG091702TX	0.811	14	6	2	6
EOG091702T2	0.644	14	6	2	6
EOG091703RD	0.254	13	5	2	6
EOG091703RE	0.768	13	5	2	6
EOG091703RL	0.217	13	5	2	6
EOG091703RM	0.475	14	6	2	6
EOG091703RK	0.61	13	5	2	6
EOG091703RT	0.364	14	6	2	6
EOG091703RU	0.876	12	5	1	6
EOG091703RS	0.976	14	6	2	6
EOG091703RZ	0.957	14	6	2	6
EOG0917096O	0.855	13	6	1	6
EOG09170065	0.707	14	6	2	6
EOG09170063	0.983	14	6	2	6
EOG0917006O	0.586	14	6	2	6
EOG0917006N	0.95	14	6	2	6
EOG0917006M	0.951	14	6	2	6
EOG0917006K	0.814	14	6	2	6
EOG0917006J	0.92	14	6	2	6
EOG0917006G	0.909	14	6	2	6
EOG0917006D	0.39	14	6	2	6
EOG0917006V	0.403	14	6	2	6
EOG0917006S	0.407	14	6	2	6
EOG091703R4	0.218	13	5	2	6
EOG091705AS	0.929	14	6	2	6
EOG0917068V	0.347	12	5	2	5
EOG0917068C	0.878	14	6	2	6
EOG091702IX	0.259	13	6	1	6
EOG091702IS	0.267	14	6	2	6
EOG091702IN	0.509	13	6	1	6
EOG091702IH	0.879	14	6	2	6
EOG091702IE	0.41	14	6	2	6
EOG091702I0	0.77	14	6	2	6
EOG091700S4	0.975	14	6	2	6
EOG091700S5	0.972	13	6	1	6
EOG091700S8	0.529	14	6	2	6
EOG09170AO3	0.555	14	6	2	6
EOG091700SR	0.958	14	6	2	6
EOG091700SV	0.965	14	6	2	6
EOG091700SD	0.953	14	6	2	6
EOG091700SG	0.701	14	6	2	6
EOG091701S3	0.553	14	6	2	6
EOG091701S7	0.778	14	6	2	6
EOG091701S6	0.252	14	6	2	6
EOG0917047D	0.773	8	4	1	3
EOG0917047L	0.896	13	6	2	5
EOG09170473	0.809	14	6	2	6
EOG09170475	0.975	14	6	2	6
EOG09170478	0.973	14	6	2	6
EOG091701SB	0.966	14	6	2	6
EOG091701SE	0.233	11	5	2	4
EOG091701SG	0.429	14	6	2	6
EOG091701SF	0.865	14	6	2	6
EOG091701SH	0.545	14	6	2	6
EOG091701SM	0.977	14	6	2	6
EOG091701SO	0.865	14	6	2	6
EOG091701SQ	0.238	13	6	2	5
EOG091701SP	0.88	14	6	2	6
EOG091701ST	0.251	14	6	2	6
EOG091707EE	0.811	14	6	2	6
EOG0917064R	0.383	14	6	2	6
EOG09170217	0.273	14	6	2	6
EOG09170210	0.892	10	3	2	5
EOG09170211	0.695	14	6	2	6
EOG09170212	0.843	14	6	2	6
EOG09170218	0.602	14	6	2	6
EOG0917064L	0.792	13	6	2	5
EOG0917064K	0.206	14	6	2	6
EOG0917064J	0.219	12	4	2	6
EOG0917045Z	0.273	12	5	2	5
EOG0917064E	0.718	14	6	2	6
EOG0917021E	0.963	14	6	2	6
EOG0917021F	0.233	13	5	2	6
EOG0917021S	0.891	12	4	2	6
EOG091707YG	0.543	14	6	2	6
EOG0917021Z	0.977	14	6	2	6
EOG09170A9I	0.378	13	5	2	6
EOG0917045J	0.355	14	6	2	6
EOG0917045K	0.911	13	6	1	6
EOG0917045I	0.267	9	4	1	4
EOG09170866	0.221	14	6	2	6
EOG091707EN	0.214	13	6	1	6
EOG09170B2V	0.283	12	4	2	6
EOG091702VL	0.96	14	6	2	6
EOG091702VH	0.931	14	6	2	6
EOG091702VK	0.835	14	6	2	6
EOG091702VA	0.762	14	6	2	6
EOG091702VY	0.627	14	6	2	6
EOG091702VX	0.373	14	6	2	6
EOG091702VR	0.964	14	6	2	6
EOG091704X9	0.201	14	6	2	6
EOG091704XH	0.896	14	6	2	6
EOG091704XJ	0.886	14	6	2	6
EOG091704XP	0.86	14	6	2	6
EOG091703PZ	0.331	13	6	2	5
EOG091703PX	0.24	12	5	2	5
EOG091703PT	0.777	14	6	2	6
EOG091703PD	0.238	7	3	2	2
EOG091707EX	0.847	13	6	2	5
EOG09170040	0.847	14	6	2	6
EOG09170042	0.624	13	5	2	6
EOG091706GS	0.632	14	6	2	6
EOG0917004P	0.975	14	6	2	6
EOG0917004W	0.672	14	6	2	6
EOG0917004Z	0.257	14	6	2	6
EOG091709NH	0.704	11	5	1	5
EOG091702KV	0.206	13	5	2	6
EOG091702KX	0.838	14	6	2	6
EOG091702KY	0.844	13	6	2	5
EOG091702KH	0.911	14	6	2	6
EOG091702K0	0.226	14	6	2	6
EOG091702K8	0.601	14	6	2	6
EOG091700Q3	0.536	14	6	2	6
EOG091700Q4	0.976	14	6	2	6
EOG091700QO	0.927	14	6	2	6
EOG091700QR	0.615	13	5	2	6
EOG091700QS	0.951	14	6	2	6
EOG091700QQ	0.279	14	6	2	6
EOG091700QT	0.538	14	6	2	6
EOG091701M8	0.348	14	6	2	6
EOG091701M3	0.964	14	6	2	6
EOG091701M2	0.666	14	6	2	6
EOG091701M0	0.976	14	6	2	6
EOG091701M7	0.935	14	6	2	6
EOG0917018D	0.95	14	6	2	6
EOG0917018B	0.97	14	6	2	6
EOG0917018I	0.73	14	6	2	6
EOG0917018K	0.811	14	6	2	6
EOG0917018P	0.268	14	6	2	6
EOG0917045A	0.947	14	6	2	6
EOG09170453	0.972	14	6	2	6
EOG09170450	0.451	14	6	2	6
EOG09170451	0.762	13	5	2	6
EOG09170181	0.936	14	6	2	6
EOG091701MZ	0.253	14	6	2	6
EOG091701MX	0.403	14	6	2	6
EOG091701MK	0.907	14	6	2	6
EOG091701MO	0.581	14	6	2	6
EOG091701MN	0.754	14	6	2	6
EOG091701ML	0.657	14	6	2	6
EOG091701MC	0.891	14	6	2	6
EOG091701MF	0.582	14	6	2	6
EOG09170238	0.3	14	6	2	6
EOG09170233	0.978	14	6	2	6
EOG09170230	0.968	14	6	2	6
EOG091706NW	0.722	13	5	2	6
EOG0917023W	0.891	14	6	2	6
EOG0917023R	0.516	14	6	2	6
EOG0917023J	0.91	13	6	2	5
EOG0917023H	0.596	13	6	1	6
EOG0917023G	0.756	14	6	2	6
EOG0917023B	0.275	12	4	2	6
EOG091705Q9	0.618	10	4	2	4
EOG091705QB	0.796	13	6	1	6
EOG091705QE	0.956	13	6	2	5
EOG0917077J	0.86	14	6	2	6
EOG091702PE	0.819	14	6	2	6
EOG091702PA	0.703	13	6	2	5
EOG091702PQ	0.973	14	6	2	6
EOG09170778	0.419	13	6	1	6
EOG091704V0	0.216	11	5	2	4
EOG09170775	0.52	14	6	2	6
EOG091704VH	0.375	14	6	2	6
EOG091704VN	0.774	10	4	2	4
EOG091704VQ	0.449	14	6	2	6
EOG091706DQ	0.395	14	6	2	6
EOG091702P2	0.73	14	6	2	6
EOG0917075T	0.896	13	6	1	6
EOG091708JC	0.354	13	5	2	6
EOG091708JF	0.98	14	6	2	6
EOG091708JK	0.887	13	6	1	6
EOG091705L4	0.934	12	5	2	5
EOG091705L7	0.328	14	6	2	6
EOG091705L3	0.702	13	5	2	6
EOG091705LM	0.211	13	5	2	6
EOG091705LD	0.449	14	6	2	6
EOG091706N5	0.345	13	5	2	6
EOG091706N4	0.888	14	6	2	6
EOG091709IJ	0.3	14	6	2	6
EOG091700W8	0.461	7	4	1	2
EOG091700W4	0.978	14	6	2	6
EOG091700WE	0.96	14	6	2	6
EOG091700WY	0.945	14	6	2	6
EOG091700WT	0.899	14	6	2	6
EOG091700WP	0.937	14	6	2	6
EOG091700WQ	0.953	14	6	2	6
EOG091700WR	0.247	14	6	2	6
EOG091701O8	0.579	14	6	2	6
EOG091701O4	0.972	13	6	1	6
EOG091701O2	0.937	14	6	2	6
EOG0917043Y	0.658	14	6	2	6
EOG09170430	0.497	13	6	2	5
EOG091701OY	0.28	10	5	2	3
EOG091701OS	0.546	14	6	2	6
EOG091701OM	0.974	14	6	2	6
EOG091701ON	0.968	14	6	2	6
EOG091701OD	0.291	14	6	2	6
EOG0917065M	0.922	13	5	2	6
EOG0917065O	0.342	13	6	1	6
EOG0917065H	0.805	14	6	2	6
EOG091705SA	0.659	14	6	2	6
EOG091705SW	0.82	14	6	2	6
EOG091705SQ	0.958	14	6	2	6
EOG091705SR	0.804	14	6	2	6
EOG09170752	0.263	11	5	2	4
EOG091702RY	0.8	14	6	2	6
EOG091702RQ	0.955	13	5	2	6
EOG091702RW	0.81	13	5	2	6
EOG091702RO	0.98	14	6	2	6
EOG091702RC	0.965	14	6	2	6
EOG091704TG	0.782	14	6	2	6
EOG091704TC	0.334	14	6	2	6
EOG091704TI	0.908	14	6	2	6
EOG091704TT	0.643	14	6	2	6
EOG091704TW	0.76	13	6	1	6
EOG091704TV	0.251	13	6	1	6
EOG091704TP	0.433	13	6	1	6
EOG091708HW	0.975	14	6	2	6
EOG091704KE	0.779	11	4	2	5
EOG091708HI	0.926	13	5	2	6
EOG091705N0	0.804	13	6	2	5
EOG091705N1	0.263	14	6	2	6
EOG0917099G	0.254	12	5	2	5
EOG091705NZ	0.31	14	6	2	6
EOG091705NF	0.927	14	6	2	6
EOG091704KJ	0.914	14	6	2	6
EOG091704KQ	0.696	14	6	2	6
EOG091709JN	0.265	9	4	2	3
EOG091704KZ	0.77	14	6	2	6
EOG0917037N	0.296	13	5	2	6
EOG0917037A	0.962	13	5	2	6
EOG09170656	0.213	13	6	1	6
EOG091708SC	0.237	14	6	2	6
EOG091708SD	0.406	13	5	2	6
EOG091700U4	0.914	14	6	2	6
EOG091700U1	0.747	14	6	2	6
EOG09170AEK	0.37	14	6	2	6
EOG091700UF	0.98	14	6	2	6
EOG091700UG	0.224	14	6	2	6
EOG091700UN	0.569	14	6	2	6
EOG091700UL	0.859	14	6	2	6
EOG091700UJ	0.97	13	5	2	6
EOG091700UH	0.702	14	6	2	6
EOG091700UV	0.705	11	5	2	4
EOG091700US	0.505	13	6	2	5
EOG091701I7	0.58	14	6	2	6
EOG091701I5	0.622	14	6	2	6
EOG091701I2	0.961	14	6	2	6
EOG0917041S	0.944	14	6	2	6
EOG0917014V	0.87	14	6	2	6
EOG0917041Q	0.293	13	6	2	5
EOG0917041A	0.772	14	6	2	6
EOG0917041H	0.275	14	6	2	6
EOG09170149	0.889	14	6	2	6
EOG091701IZ	0.47	14	6	2	6
EOG091701ID	0.958	14	6	2	6
EOG091701IM	0.652	14	6	2	6
EOG091701IL	0.343	14	6	2	6
EOG091701IK	0.979	14	6	2	6
EOG091701II	0.882	14	6	2	6
EOG091707SX	0.75	14	6	2	6
EOG091705U3	0.646	14	6	2	6
EOG091705U0	0.291	14	6	2	6
EOG091705U9	0.304	14	6	2	6
EOG091705U8	0.965	13	6	1	6
EOG091705UO	0.811	6	2	1	3
EOG091705UJ	0.579	12	5	1	6
EOG091705UH	0.879	13	6	1	6
EOG091705UQ	0.676	14	6	2	6
EOG091704R9	0.966	14	6	2	6
EOG091704R6	0.47	12	6	2	4
EOG091704R1	0.779	14	6	2	6
EOG091704RZ	0.51	14	6	2	6
EOG091704RI	0.67	14	6	2	6
EOG0917045S	0.401	14	6	2	6
EOG091703ZM	0.946	14	6	2	6
EOG091703ZH	0.949	14	6	2	6
EOG091703ZK	0.283	14	6	2	6
EOG091703ZE	0.477	14	6	2	6
EOG091703ZF	0.296	14	6	2	6
EOG091703ZR	0.895	14	6	2	6
EOG091703Z2	0.784	13	5	2	6
EOG091703Z3	0.266	14	6	2	6
EOG09170600	0.363	13	6	1	6
EOG09170355	0.959	14	6	2	6
EOG0917035M	0.561	14	6	2	6
EOG0917035I	0.447	14	6	2	6
EOG0917035H	0.742	14	6	2	6
EOG0917035A	0.291	14	6	2	6
EOG0917035Y	0.975	14	6	2	6
EOG0917035W	0.422	13	5	2	6
EOG091708YT	0.523	7	3	1	3
EOG091700K0	0.957	14	6	2	6
EOG091700K6	0.746	14	6	2	6
EOG091700K7	0.962	14	6	2	6
EOG091700KX	0.635	14	6	2	6
EOG091700KP	0.87	14	6	2	6
EOG091700KR	0.944	14	6	2	6
EOG091700KS	0.977	14	6	2	6
EOG091700KT	0.265	14	6	2	6
EOG091700KU	0.566	14	6	2	6
EOG091700KJ	0.895	14	6	2	6
EOG091700KK	0.834	14	6	2	6
EOG091700KO	0.907	14	6	2	6
EOG091700KE	0.979	14	6	2	6
EOG091700KG	0.866	14	6	2	6
EOG091701KI	0.441	14	6	2	6
EOG091701KH	0.969	14	6	2	6
EOG091701KM	0.977	14	6	2	6
EOG091701KA	0.431	14	6	2	6
EOG091701KC	0.243	14	6	2	6
EOG091701KE	0.983	14	6	2	6
EOG091701KS	0.896	14	6	2	6
EOG091701KW	0.357	14	6	2	6
EOG091701K1	0.722	14	6	2	6
EOG091701K4	0.294	13	5	2	6
EOG0917029H	0.969	14	6	2	6
EOG0917029E	0.45	14	6	2	6
EOG0917029B	0.816	14	6	2	6
EOG0917029X	0.971	12	5	2	5
EOG0917029V	0.936	10	4	2	4
EOG0917029Q	0.707	14	6	2	6
EOG09170169	0.961	14	6	2	6
EOG0917016I	0.955	14	6	2	6
EOG0917016N	0.931	14	6	2	6
EOG0917016C	0.356	13	5	2	6
EOG0917016A	0.908	14	6	2	6
EOG0917016D	0.865	14	6	2	6
EOG0917016E	0.768	14	6	2	6
EOG091704OY	0.276	11	5	2	4
EOG0917016S	0.969	13	5	2	6
EOG0917016Q	0.364	14	6	2	6
EOG0917016W	0.224	14	6	2	6
EOG0917016T	0.929	14	6	2	6
EOG0917061M	0.273	13	6	1	6
EOG091707Q5	0.418	9	3	1	5
EOG09170292	0.856	14	6	2	6
EOG09170293	0.676	13	5	2	6
EOG091705W7	0.934	13	6	2	5
EOG091705WQ	0.375	14	6	2	6
EOG091705WP	0.816	14	6	2	6
EOG091705WR	0.487	14	6	2	6
EOG091705WK	0.552	13	5	2	6
EOG09170831	0.574	11	5	2	4
EOG091704P0	0.728	14	6	2	6
EOG091704P5	0.786	9	4	1	4
EOG091704P6	0.237	14	6	2	6
EOG091704PT	0.927	14	6	2	6
EOG091704PO	0.3	14	6	2	6
EOG0917085H	0.389	14	6	2	6
EOG091703XE	0.513	13	6	2	5
EOG091703XB	0.978	13	5	2	6
EOG091703XN	0.959	13	5	2	6
EOG091703XM	0.897	12	6	2	4
EOG09170336	0.462	14	6	2	6
EOG09170332	0.647	14	6	2	6
EOG09170629	0.919	14	6	2	6
EOG091709VZ	0.599	14	6	2	6
EOG0917033J	0.265	13	6	1	6
EOG091706OU	0.233	14	6	2	6
EOG091706OL	0.344	13	6	1	6
EOG091700I3	0.874	14	6	2	6
EOG091700I0	0.948	14	6	2	6
EOG091700I1	0.953	14	6	2	6
EOG091700I6	0.459	14	6	2	6
EOG091700I7	0.514	14	6	2	6
EOG091700I4	0.707	14	6	2	6
EOG091700I9	0.594	14	6	2	6
EOG091706OE	0.923	14	6	2	6
EOG091700IS	0.942	14	6	2	6
EOG091700IY	0.279	14	6	2	6
EOG0917073O	0.228	14	6	2	6
EOG091700IA	0.935	14	6	2	6
EOG091700IH	0.273	14	6	2	6
EOG091700IM	0.971	14	6	2	6
EOG091701EC	0.975	14	6	2	6
EOG091701EH	0.553	13	6	1	6
EOG091701ES	0.791	14	6	2	6
EOG091701EP	0.479	14	6	2	6
EOG091701EX	0.343	14	6	2	6
EOG091707WL	0.874	14	6	2	6
EOG091707WC	0.916	13	5	2	6
EOG091704M3	0.734	14	6	2	6
EOG0917010H	0.417	13	6	1	6
EOG0917010K	0.321	14	6	2	6
EOG0917010F	0.937	13	6	1	6
EOG0917010C	0.378	14	6	2	6
EOG091704MP	0.255	5	3	1	1
EOG091704MQ	0.953	14	6	2	6
EOG0917010T	0.766	14	6	2	6
EOG0917010U	0.53	14	6	2	6
EOG0917010W	0.984	14	6	2	6
EOG0917010S	0.387	14	6	2	6
EOG091707W8	0.443	13	6	1	6
EOG091707W2	0.583	8	3	1	4
EOG0917093I	0.467	14	6	2	6
EOG0917081K	0.255	12	6	1	5
EOG091705Y9	0.955	14	6	2	6
EOG091705YQ	0.656	14	6	2	6
EOG091705YE	0.795	14	6	2	6
EOG091706RT	0.567	13	6	2	5
EOG09170819	0.439	9	3	1	5
EOG091706RV	0.936	14	6	2	6
EOG09170BDY	0.644	11	5	1	5
EOG091702XI	0.619	13	6	1	6
EOG091702XE	0.899	14	6	2	6
EOG091702XC	0.9	14	6	2	6
EOG091702XX	0.605	11	5	1	5
EOG091702XW	0.851	13	6	1	6
EOG091702XU	0.882	14	6	2	6
EOG091702XS	0.243	13	6	1	6
EOG091702X2	0.891	13	6	1	6
EOG091703FH	0.964	13	6	1	6
EOG091703FB	0.593	13	6	1	6
EOG091703FE	0.456	14	6	2	6
EOG091703F1	0.967	13	6	1	6
EOG09170318	0.972	14	6	2	6
EOG09170313	0.518	14	6	2	6
EOG091709PG	0.4	14	6	2	6
EOG0917064X	0.604	12	6	1	5
EOG0917031R	0.762	14	6	2	6
EOG0917031V	0.457	14	6	2	6
EOG0917031D	0.972	14	6	2	6
EOG091707JH	0.302	14	6	2	6
EOG091700OT	0.959	14	6	2	6
EOG091700OU	0.517	14	6	2	6
EOG091700OV	0.577	14	6	2	6
EOG091700OP	0.969	14	6	2	6
EOG091700OR	0.944	14	6	2	6
EOG091700OS	0.282	14	6	2	6
EOG09170ACH	0.333	13	6	1	6
EOG091700OA	0.978	14	6	2	6
EOG091700OM	0.266	14	6	2	6
EOG091700OO	0.957	14	6	2	6
EOG091701GE	0.981	14	6	2	6
EOG091701GG	0.934	14	6	2	6
EOG091701GJ	0.492	14	6	2	6
EOG091701GQ	0.871	14	6	2	6
EOG091701GS	0.874	7	3	1	3
EOG091706QX	0.413	14	6	2	6
EOG091706QZ	0.458	14	6	2	6
EOG091701G1	0.219	13	6	2	5
EOG091701G3	0.966	14	6	2	6
EOG091701G2	0.601	14	6	2	6
EOG091707US	0.731	14	6	2	6
EOG091707UI	0.863	6	2	1	3
EOG091707UJ	0.314	13	5	2	6
EOG09170127	0.743	14	6	2	6
EOG09170128	0.552	14	6	2	6
EOG0917012B	0.949	13	6	2	5
EOG0917012C	0.811	14	6	2	6
EOG0917012L	0.453	13	5	2	6
EOG0917012T	0.314	12	6	2	4
EOG0917012R	0.972	14	6	2	6
EOG0917012Z	0.949	14	6	2	6
EOG0917087Z	0.937	13	6	1	6
EOG0917087O	0.806	14	6	2	6
EOG0917078S	0.2	8	3	2	3
EOG0917078Q	0.563	14	6	2	6
EOG0917078W	0.341	6	3	1	2
EOG0917078A	0.209	5	3	1	1
EOG091708Z7	0.788	14	6	2	6
EOG09170BF3	0.261	13	5	2	6
EOG091702ZC	0.858	14	6	2	6
EOG091702ZY	0.623	13	6	1	6
EOG091702Z1	0.933	14	6	2	6
EOG091702Z3	0.868	14	6	2	6
EOG091706YR	0.954	12	6	1	5
EOG091703DR	0.614	14	6	2	6
EOG091703DT	0.464	14	6	2	6
EOG091703DY	0.727	14	6	2	6
EOG091708PQ	0.278	7	3	1	3
EOG091703DC	0.797	14	6	2	6
EOG091703DA	0.332	9	4	1	4
EOG091703DG	0.838	14	6	2	6
EOG091703DE	0.328	14	6	2	6
EOG091703DK	0.287	13	5	2	6
EOG091703DI	0.954	14	6	2	6
EOG091703D9	0.811	14	6	2	6
EOG091707HN	0.933	12	4	2	6
EOG091707HM	0.321	14	6	2	6
EOG091707H4	0.383	14	6	2	6
