EOG091700MG	0.796	14	6	2	6
EOG091700MB	0.447	12	4	2	6
EOG091700MX	0.72	11	5	1	5
EOG091700M4	0.717	14	6	2	6
EOG091701AY	0.235	14	6	2	6
EOG091701A0	0.724	14	6	2	6
EOG091704IS	0.809	12	5	2	5
EOG091704IP	0.463	13	6	1	6
EOG091704IO	0.792	8	3	2	3
EOG0917050I	0.889	13	5	2	6
EOG0917050S	0.284	5	2	1	2
EOG091705DF	0.602	14	6	2	6
EOG091702DW	0.208	13	5	2	6
EOG091702DT	0.233	14	6	2	6
EOG091702DJ	0.448	14	6	2	6
EOG091702DH	0.26	13	6	1	6
EOG091702DL	0.315	12	4	2	6
EOG091702DE	0.369	13	5	2	6
EOG091708V9	0.251	6	3	1	2
EOG091706HK	0.204	14	6	2	6
EOG091706H9	0.277	14	6	2	6
EOG091707NJ	0.225	11	5	2	4
EOG091700CG	0.311	14	6	2	6
EOG091707FJ	0.875	13	5	2	6
EOG091700C0	0.616	14	6	2	6
EOG091700C1	0.34	14	6	2	6
EOG091707FF	0.264	12	4	2	6
EOG091701CF	0.414	14	6	2	6
EOG091701C9	0.749	14	6	2	6
EOG091706U3	0.485	14	6	2	6
EOG091704GI	0.409	14	6	2	6
EOG091706JO	0.408	14	6	2	6
EOG091706JN	0.861	14	6	2	6
EOG091706JC	0.85	10	3	2	5
EOG091706JB	0.916	14	6	2	6
EOG091708TA	0.305	9	3	1	5
EOG091706J0	0.332	5	2	1	2
EOG091707LY	0.803	13	5	2	6
EOG091700AM	0.263	14	6	2	6
EOG09170AYS	0.244	6	2	1	3
EOG091706FW	0.397	13	5	2	6
EOG0917085W	0.659	9	3	2	4
EOG091704EE	0.284	14	6	2	6
EOG091705JB	0.212	8	4	1	3
EOG0917054N	0.862	12	6	1	5
EOG09170540	0.766	11	4	2	5
EOG091705AY	0.267	11	4	1	6
EOG0917009E	0.49	14	6	2	6
EOG0917009L	0.483	14	6	2	6
EOG09170BLZ	0.462	5	2	1	2
EOG09170405	0.8	14	6	2	6
EOG09170155	0.241	14	6	2	6
EOG091709E9	0.894	14	6	2	6
EOG091709E8	0.277	13	6	1	6
EOG091700ZC	0.215	14	6	2	6
EOG091700ZY	0.751	14	6	2	6
EOG091708NV	0.243	6	2	2	2
EOG091700Z3	0.338	14	6	2	6
EOG091700Z7	0.568	14	6	2	6
EOG091701XN	0.486	14	6	2	6
EOG0917039N	0.558	14	6	2	6
EOG0917039W	0.259	14	6	2	6
EOG091703N4	0.571	14	6	2	6
EOG091705NY	0.264	12	6	1	5
EOG091701X1	0.479	14	6	2	6
EOG091700GB	0.738	14	6	2	6
EOG091703IJ	0.334	14	6	2	6
EOG0917015E	0.645	13	6	2	5
EOG0917015J	0.953	14	6	2	6
EOG091706DW	0.356	14	6	2	6
EOG091704C9	0.503	6	2	1	3
EOG091704CE	0.222	13	6	1	6
EOG091709JO	0.733	12	5	2	5
EOG091704CU	0.309	13	5	2	6
EOG0917056W	0.454	9	2	2	5
EOG0917056D	0.352	14	6	2	6
EOG091705CR	0.802	13	5	2	6
EOG09170BNX	0.222	6	2	2	2
EOG09170BNK	0.224	4	2	1	1
EOG091705GM	0.761	13	6	2	5
EOG091705GL	0.218	14	6	2	6
EOG091709GL	0.509	7	3	1	3
EOG09170748	0.382	14	6	2	6
EOG091700XN	0.255	14	6	2	6
EOG091700XE	0.328	14	6	2	6
EOG091701ZQ	0.812	13	5	2	6
EOG091701ZN	0.474	14	6	2	6
EOG091703L2	0.609	13	5	2	6
EOG091703L3	0.319	14	6	2	6
EOG091708X7	0.577	6	2	1	3
EOG09170918	0.304	14	6	2	6
EOG091700ET	0.795	14	6	2	6
EOG091700ES	0.505	14	6	2	6
EOG091700E7	0.872	14	6	2	6
EOG091700E3	0.909	14	6	2	6
EOG091706D4	0.594	13	5	2	6
EOG0917003E	0.491	14	6	2	6
EOG091705E0	0.254	14	6	2	6
EOG091705E9	0.503	13	6	2	5
EOG0917058V	0.923	13	5	2	6
EOG0917058C	0.92	13	5	2	6
EOG0917058H	0.891	14	6	2	6
EOG091705EK	0.24	14	6	2	6
EOG091703W1	0.288	14	6	2	6
EOG091703WD	0.815	13	5	2	6
EOG091702L7	0.645	13	6	1	6
EOG091702LF	0.347	13	6	1	6
EOG091702LU	0.224	14	6	2	6
EOG091707ED	0.274	13	6	1	6
EOG091707EL	0.829	14	6	2	6
EOG091703JX	0.256	13	5	2	6
EOG091703JV	0.83	13	5	2	6
EOG091703JK	0.361	12	5	1	6
EOG091701T4	0.384	14	6	2	6
EOG0917092S	0.266	12	5	2	5
EOG091707FG	0.889	14	6	2	6
EOG0917024Q	0.218	14	6	2	6
EOG091708DM	0.509	4	2	1	1
EOG091708FK	0.522	9	4	1	4
EOG0917014W	0.26	14	6	2	6
EOG091708CX	0.511	11	5	2	4
EOG091703UX	0.501	11	5	2	4
EOG091703UV	0.388	12	5	2	5
EOG0917095N	0.85	12	5	2	5
EOG091709C9	0.242	9	4	2	3
EOG091709C6	0.225	13	5	2	6
EOG091702N0	0.683	14	6	2	6
EOG091702NF	0.295	14	6	2	6
EOG091702NK	0.364	14	6	2	6
EOG091702NP	0.862	13	5	2	6
EOG091702NR	0.262	14	6	2	6
EOG091701VC	0.414	14	6	2	6
EOG091703HS	0.384	5	2	1	2
EOG091701V2	0.334	14	6	2	6
EOG091706B3	0.303	9	4	2	3
EOG09170488	0.49	14	6	2	6
EOG091707DK	0.816	7	3	1	3
EOG09170263	0.576	14	6	2	6
EOG0917048X	0.6	13	5	2	6
EOG09170AQO	0.536	9	4	2	3
EOG0917001E	0.759	8	3	1	4
EOG091705IT	0.486	14	6	2	6
EOG091703H7	0.831	13	5	2	6
EOG091703H5	0.559	14	6	2	6
EOG09170019	0.597	14	6	2	6
EOG09170013	0.45	14	6	2	6
EOG09170015	0.717	13	5	2	6
EOG0917088J	0.308	11	4	2	5
EOG091703S2	0.357	9	3	1	5
EOG091703S1	0.838	13	5	2	6
EOG091700RQ	0.398	14	6	2	6
EOG091700RL	0.26	14	6	2	6
EOG091701V1	0.679	14	6	2	6
EOG091701V4	0.887	14	6	2	6
EOG091702HW	0.44	14	6	2	6
EOG091702HV	0.446	14	6	2	6
EOG091702HR	0.688	14	6	2	6
EOG091701PW	0.391	14	6	2	6
EOG09170A70	0.724	12	4	2	6
EOG09170463	0.323	11	5	2	4
EOG0917020L	0.626	14	6	2	6
EOG0917046K	0.851	13	5	2	6
EOG09170AS9	0.367	7	3	1	3
EOG091707DH	0.254	13	6	2	5
EOG09170B1N	0.25	3	1	1	1
EOG0917007L	0.224	14	6	2	6
EOG0917007O	0.627	14	6	2	6
EOG0917007F	0.759	14	6	2	6
EOG0917007P	0.679	14	6	2	6
EOG091702UI	0.251	14	6	2	6
EOG091702UA	0.915	14	6	2	6
EOG091702UC	0.37	13	5	2	6
EOG091702UP	0.31	13	6	1	6
EOG09170076	0.368	14	6	2	6
EOG0917069D	0.23	14	6	2	6
EOG091709OF	0.272	12	4	2	6
EOG091709OL	0.252	14	6	2	6
EOG091700PW	0.714	14	6	2	6
EOG091700PV	0.42	14	6	2	6
EOG09170ANK	0.38	10	4	1	5
EOG091700PJ	0.888	14	6	2	6
EOG091702J8	0.713	14	6	2	6
EOG091702JU	0.372	14	6	2	6
EOG091708U4	0.243	12	5	1	6
EOG091701RE	0.617	14	6	2	6
EOG091701RU	0.252	14	6	2	6
EOG091701RP	0.409	14	6	2	6
EOG091701RY	0.242	14	6	2	6
EOG091701R5	0.904	14	6	2	6
EOG09170197	0.831	12	5	1	6
EOG0917022D	0.263	10	4	1	5
EOG0917019C	0.26	14	6	2	6
EOG0917019W	0.841	12	5	2	5
EOG09170A87	0.296	10	4	2	4
EOG09170A8A	0.789	13	5	2	6
EOG091704YN	0.505	12	5	1	6
EOG091704YV	0.746	14	6	2	6
EOG091704Y6	0.229	6	4	1	1
EOG0917005T	0.329	14	6	2	6
EOG091705MG	0.773	14	6	2	6
EOG091705ME	0.447	14	6	2	6
EOG091702WD	0.905	13	5	2	6
EOG091702WX	0.274	14	6	2	6
EOG091705M1	0.36	14	6	2	6
EOG09170055	0.767	14	6	2	6
EOG09170050	0.43	14	6	2	6
EOG091709I0	0.272	14	6	2	6
EOG091708F0	0.224	12	5	1	6
EOG091700VO	0.573	14	6	2	6
EOG091700VF	0.694	14	6	2	6
EOG091700VZ	0.716	14	6	2	6
EOG091700V6	0.291	11	5	2	4
EOG0917089R	0.865	11	4	2	5
EOG091701LH	0.623	14	6	2	6
EOG091701L3	0.505	14	6	2	6
EOG091701L5	0.704	14	6	2	6
EOG09170427	0.562	9	4	2	3
EOG09170420	0.284	14	6	2	6
EOG0917042Y	0.755	13	5	2	6
EOG091705PF	0.752	9	4	1	4
EOG091705PU	0.353	13	6	1	6
EOG091704N6	0.275	12	6	2	4
EOG091704WA	0.573	11	5	2	4
EOG091704WC	0.266	13	5	2	6
EOG091704WG	0.239	9	4	1	4
EOG091704WL	0.705	6	2	1	3
EOG0917088R	0.374	13	6	1	6
EOG09170AYT	0.274	13	5	2	6
EOG091705OD	0.386	13	5	2	6
EOG091702QI	0.727	13	5	2	6
EOG091702QJ	0.268	14	6	2	6
EOG091702QW	0.202	14	6	2	6
EOG091705O8	0.364	11	6	1	4
EOG091707RC	0.204	14	6	2	6
EOG091708K1	0.71	12	4	2	6
EOG091708K9	0.725	8	4	1	3
EOG091707RZ	0.272	14	6	2	6
EOG09170BRG	0.494	5	1	1	3
EOG091709KM	0.508	6	3	1	2
EOG09170AJX	0.6	11	5	1	5
EOG091700TE	0.377	14	6	2	6
EOG091700TQ	0.73	14	6	2	6
EOG091701NQ	0.706	14	6	2	6
EOG091701N7	0.894	13	5	2	6
EOG09170158	0.874	14	6	2	6
EOG0917040C	0.43	8	3	2	3
EOG091706CN	0.201	14	6	2	6
EOG091705R3	0.464	14	6	2	6
EOG09170A49	0.242	12	5	1	6
EOG09170A4J	0.294	12	4	2	6
EOG09170A4L	0.487	13	5	2	6
EOG09170A4W	0.417	12	4	2	6
EOG091704UL	0.25	14	6	2	6
EOG09170BVV	0.416	5	1	1	3
EOG091704U8	0.568	7	3	1	3
EOG091704U0	0.885	13	5	2	6
EOG091704U4	0.206	14	6	2	6
EOG091706VC	0.492	13	5	2	6
EOG091706VD	0.794	11	3	2	6
EOG091706VF	0.716	14	6	2	6
EOG0917036J	0.219	14	6	2	6
EOG0917036E	0.628	14	6	2	6
EOG091708A4	0.277	13	5	2	6
EOG09170362	0.566	13	6	2	5
EOG091709U4	0.278	7	2	2	3
EOG091708AU	0.23	14	6	2	6
EOG09170ADK	0.441	13	5	2	6
EOG091700JA	0.875	14	6	2	6
EOG091700J1	0.582	10	5	1	4
EOG09170AD6	0.402	6	2	1	3
EOG091701HP	0.279	14	6	2	6
EOG091701HL	0.382	11	4	2	5
EOG091701H2	0.314	14	6	2	6
EOG0917073E	0.393	13	6	1	6
EOG09170175	0.644	14	6	2	6
EOG09170174	0.869	13	6	2	5
EOG09170178	0.578	13	5	2	6
EOG091704NZ	0.534	14	6	2	6
EOG0917017V	0.665	14	6	2	6
EOG0917017P	0.813	14	6	2	6
EOG0917017D	0.605	14	6	2	6
EOG0917017N	0.262	14	6	2	6
EOG091705TI	0.203	10	5	2	3
EOG091705TT	0.212	13	5	2	6
EOG09170280	0.357	14	6	2	6
EOG0917028E	0.375	12	5	2	5
EOG0917028Y	0.886	13	5	2	6
EOG0917028S	0.277	14	6	2	6
EOG0917028R	0.521	10	4	2	4
EOG09170822	0.901	14	6	2	6
EOG0917082F	0.323	6	3	2	1
EOG09170A6P	0.865	13	6	1	6
EOG091704SY	0.782	12	4	2	6
EOG091704SL	0.664	12	4	2	6
EOG091704S4	0.247	13	5	2	6
EOG091704S0	0.259	13	5	2	6
EOG0917034P	0.261	13	6	1	6
EOG0917034W	0.205	9	3	2	4
EOG091703YW	0.289	14	6	2	6
EOG09170C3Y	0.313	5	2	1	2
EOG091700H6	0.496	14	6	2	6
EOG091702H6	0.511	14	6	2	6
EOG091708UY	0.568	14	6	2	6
EOG091707QJ	0.461	10	4	1	5
EOG0917011G	0.232	14	6	2	6
EOG091704LB	0.585	14	6	2	6
EOG091701JY	0.207	14	6	2	6
EOG091701JQ	0.738	13	5	2	6
EOG091705VG	0.587	5	2	1	2
EOG091705VB	0.329	13	5	2	6
EOG09170807	0.68	13	6	1	6
EOG091704OE	0.892	14	6	2	6
EOG09170A0U	0.211	4	1	1	2
EOG09170A0V	0.879	11	4	2	5
EOG09170615	0.813	12	5	2	5
EOG091704QF	0.876	13	5	2	6
EOG091704QI	0.378	14	6	2	6
EOG091704Q4	0.553	13	5	2	6
EOG091706DL	0.908	14	6	2	6
EOG091706DJ	0.561	12	4	2	6
EOG0917032L	0.282	6	3	1	2
EOG0917032M	0.509	14	6	2	6
EOG09170632	0.816	14	6	2	6
EOG09170635	0.307	14	6	2	6
EOG09170322	0.261	4	2	1	1
EOG091703GL	0.69	14	6	2	6
EOG091703GE	0.605	14	6	2	6
EOG09170A1T	0.699	12	6	1	5
EOG0917098J	0.307	13	5	2	6
EOG091706D3	0.884	13	5	2	6
EOG091700NJ	0.306	14	6	2	6
EOG091700NH	0.585	14	6	2	6
EOG091707KF	0.525	9	4	1	4
EOG091707KU	0.226	5	1	2	2
EOG09170A11	0.257	10	4	1	5
EOG0917013I	0.646	14	6	2	6
EOG0917013U	0.422	10	3	2	5
EOG091701D1	0.721	14	6	2	6
EOG091701DF	0.488	12	5	1	6
EOG091701DO	0.661	13	5	2	6
EOG091701DW	0.911	14	6	2	6
EOG091705XQ	0.435	13	6	1	6
EOG0917079V	0.898	12	4	2	6
EOG091707VW	0.285	14	6	2	6
EOG091705X9	0.865	12	4	2	6
EOG0917086L	0.887	13	5	2	6
EOG09170A2K	0.276	5	3	1	1
EOG09170BE0	0.303	11	5	1	5
EOG091708UO	0.519	12	5	2	5
EOG091702Y9	0.205	14	6	2	6
EOG09170928	0.767	12	5	2	5
EOG091702YS	0.872	12	5	2	5
EOG091708UT	0.226	7	3	1	3
EOG09170306	0.54	14	6	2	6
EOG09170303	0.912	13	5	2	6
EOG091703EX	0.295	14	6	2	6
EOG091709SX	0.47	6	3	1	2
EOG091700L6	0.696	14	6	2	6
EOG091700LQ	0.591	14	6	2	6
EOG091704HQ	0.889	14	6	2	6
EOG091704HR	0.926	13	5	2	6
EOG091704HG	0.573	14	6	2	6
EOG091706RD	0.312	12	4	2	6
EOG091701FK	0.897	13	5	2	6
EOG091705ZT	0.878	14	6	2	6
EOG0917051A	0.575	13	5	2	6
EOG0917089S	0.223	12	5	1	6
EOG09170BG2	0.42	10	4	1	5
EOG091706QG	0.545	10	4	1	5
EOG091706KM	0.268	14	6	2	6
EOG091706KU	0.382	7	3	1	3
EOG0917067D	0.492	14	6	2	6
EOG091703CO	0.702	13	5	2	6
EOG091705AO	0.202	14	6	2	6
EOG091708LO	0.252	13	5	2	6
EOG091708S5	0.27	6	2	1	3
EOG091700B5	0.574	14	6	2	6
EOG09170942	0.781	13	5	2	6
EOG091704FT	0.773	14	6	2	6
EOG091706TZ	0.217	5	1	1	3
EOG091706TB	0.614	14	6	2	6
EOG091704F4	0.222	10	4	2	4
EOG091704L2	0.201	14	6	2	6
EOG0917094O	0.223	12	5	2	5
EOG0917053W	0.81	13	5	2	6
EOG09170BAX	0.37	12	5	1	6
EOG091703AX	0.863	14	6	2	6
EOG091703A8	0.777	13	5	2	6
EOG091703A2	0.433	9	4	1	4
EOG09170A3P	0.348	11	4	2	5
EOG091706I8	0.276	13	5	2	6
EOG091706I1	0.566	14	6	2	6
EOG091706IJ	0.504	7	3	1	3
EOG0917062F	0.361	10	5	2	3
EOG0917062N	0.235	12	5	2	5
EOG091707MD	0.578	10	4	2	4
EOG091704DR	0.364	12	5	1	6
EOG091704DG	0.687	9	3	1	5
EOG091704DN	0.358	6	2	1	3
EOG091701BP	0.89	14	6	2	6
EOG091701BC	0.886	14	6	2	6
EOG091701BK	0.215	14	6	2	6
EOG091704D7	0.622	12	6	2	4
EOG091704D9	0.93	13	5	2	6
EOG0917008E	0.896	14	6	2	6
EOG0917008A	0.211	14	6	2	6
EOG09170A3T	0.247	11	5	2	4
EOG0917080T	0.951	14	6	2	6
EOG0917055W	0.567	10	5	1	4
EOG0917055Q	0.482	13	5	2	6
EOG091702GN	0.244	14	6	2	6
EOG091708UM	0.857	13	5	2	6
EOG091703OD	0.211	10	4	1	5
EOG091703OK	0.26	12	4	2	6
EOG091701Y2	0.319	14	6	2	6
EOG091701Y9	0.332	14	6	2	6
EOG091701YI	0.277	14	6	2	6
EOG091701YH	0.45	13	5	2	6
EOG091700FW	0.339	14	6	2	6
EOG091700FL	0.49	14	6	2	6
EOG091700FE	0.51	14	6	2	6
EOG091704BC	0.918	13	5	2	6
EOG091704B9	0.242	4	2	1	1
EOG09170956	0.598	11	5	2	4
EOG0917071D	0.291	13	6	2	5
EOG0917071J	0.215	13	5	2	6
EOG0917071Q	0.829	12	5	1	6
EOG09170AAQ	0.245	11	5	1	5
EOG09170579	0.707	13	5	2	6
EOG0917057N	0.263	6	2	1	3
EOG091709DG	0.332	9	4	1	4
EOG09170BM3	0.271	5	2	1	2
EOG091709D8	0.441	9	4	2	3
EOG091702A4	0.354	13	6	1	6
EOG091702AU	0.359	4	2	1	1
EOG091703MF	0.845	12	5	2	5
EOG091703MI	0.56	14	6	2	6
EOG091703MX	0.508	14	6	2	6
EOG091703M5	0.427	14	6	2	6
EOG091703M8	0.536	14	6	2	6
EOG0917038C	0.794	13	5	2	6
EOG09170ANU	0.203	8	3	2	3
EOG091700D2	0.247	14	6	2	6
EOG091700D5	0.31	11	3	2	6
EOG091700DP	0.737	14	6	2	6
EOG091700DW	0.25	14	6	2	6
EOG091700DG	0.882	13	5	2	6
EOG091700DK	0.536	14	6	2	6
EOG09170974	0.695	6	3	1	2
EOG0917063Q	0.402	13	5	2	6
EOG091705BO	0.831	12	5	1	6
EOG091705B0	0.444	6	3	1	2
EOG09170591	0.209	14	6	2	6
EOG0917059N	0.628	6	4	1	1
EOG091704MY	0.736	14	6	2	6
EOG09170BON	0.251	10	4	2	4
EOG09170BOL	0.431	8	3	1	4
EOG09170BOG	0.208	4	3	1	0
EOG091709F4	0.873	13	6	1	6
EOG091706FD	0.51	13	5	2	6
EOG091703KX	0.262	6	1	2	3
EOG091703KO	0.433	13	5	2	6
EOG091703KL	0.226	13	6	1	6
EOG091703KH	0.592	14	6	2	6
EOG091700Y1	0.202	12	4	2	6
EOG091700YA	0.255	12	4	2	6
EOG091700YP	0.511	14	6	2	6
EOG091700YT	0.566	13	6	2	5
EOG091703K7	0.85	14	6	2	6
EOG091706OV	0.621	14	6	2	6
EOG091706OP	0.572	14	6	2	6
EOG091707G5	0.294	13	5	2	6
EOG091707GS	0.457	14	6	2	6
EOG09170AT6	0.673	12	5	1	6
EOG09170B4C	0.219	7	3	1	3
EOG091706GT	0.896	14	6	2	6
EOG0917002Z	0.892	13	5	2	6
EOG0917002E	0.456	14	6	2	6
EOG0917002K	0.403	14	6	2	6
EOG09170758	0.473	14	6	2	6
EOG091703VH	0.557	14	6	2	6
EOG091703VJ	0.281	14	6	2	6
EOG09170BV4	0.248	3	1	1	1
EOG091705JW	0.284	10	4	2	4
EOG091702MN	0.365	14	6	2	6
EOG091707K8	0.698	12	4	2	6
EOG0917044D	0.521	8	3	1	4
EOG0917044A	0.811	14	6	2	6
EOG091702M4	0.415	14	6	2	6
EOG091707K4	0.919	13	5	2	6
EOG091707FE	0.244	13	6	1	6
EOG091703IU	0.557	14	6	2	6
EOG091703IV	0.62	9	3	1	5
EOG0917044I	0.23	14	6	2	6
EOG0917044K	0.233	8	3	2	3
EOG091703IF	0.838	14	6	2	6
EOG0917044P	0.245	5	2	2	1
EOG091703I9	0.76	14	6	2	6
EOG091701W4	0.451	10	4	1	5
EOG091701WP	0.437	14	6	2	6
EOG091701WO	0.493	9	3	2	4
EOG091701WN	0.59	14	6	2	6
EOG09170BTK	0.217	6	2	1	3
EOG091707E3	0.686	6	2	1	3
EOG09170252	0.395	14	6	2	6
EOG0917025D	0.307	14	6	2	6
EOG09170AV5	0.531	10	3	1	6
EOG09170B64	0.349	7	3	1	3
EOG09170B6Z	0.731	9	3	2	4
EOG09170AXE	0.538	10	5	1	4
EOG0917000N	0.86	11	5	1	5
EOG0917000H	0.624	14	6	2	6
EOG091703TD	0.265	13	5	2	6
EOG091703TO	0.873	12	5	1	6
EOG091703TT	0.527	14	6	2	6
EOG091705FN	0.484	13	5	2	6
EOG091706A3	0.612	11	5	2	4
EOG091703T2	0.347	14	6	2	6
EOG091703T3	0.292	13	6	1	6
EOG091709B0	0.711	13	6	1	6
EOG091702OK	0.26	14	6	2	6
EOG091702ON	0.27	14	6	2	6
EOG091702O8	0.822	12	4	2	6
EOG091704JP	0.886	10	3	2	5
EOG0917049O	0.753	14	6	2	6
EOG0917049V	0.875	13	6	1	6
EOG09170490	0.337	14	6	2	6
EOG091701QO	0.555	14	6	2	6
EOG091701QY	0.389	10	3	2	5
EOG0917027C	0.74	14	6	2	6
EOG0917027O	0.287	11	3	2	6
EOG0917027S	0.393	13	6	1	6
EOG09170APV	0.656	12	5	1	6
EOG091704ZQ	0.576	14	6	2	6
EOG091704Z6	0.878	14	6	2	6
EOG09170B0L	0.289	10	3	2	5
EOG091702T3	0.349	12	5	2	5
EOG091702T1	0.588	14	6	2	6
EOG091702T4	0.682	14	6	2	6
EOG091708FC	0.719	14	6	2	6
EOG091705H3	0.304	12	6	1	5
EOG09170069	0.62	7	3	1	3
EOG09170061	0.453	14	6	2	6
EOG0917006C	0.555	11	5	2	4
EOG0917006A	0.259	14	6	2	6
EOG091709L9	0.525	13	6	2	5
EOG091702IS	0.245	14	6	2	6
EOG091702I1	0.651	7	3	1	3
EOG091700S7	0.308	14	6	2	6
EOG091700ST	0.338	14	6	2	6
EOG091700SX	0.267	12	5	2	5
EOG091700SK	0.793	13	5	2	6
EOG0917047V	0.787	13	5	2	6
EOG09170476	0.822	12	5	2	5
EOG091701SL	0.416	14	6	2	6
EOG0917045Q	0.604	13	5	2	6
EOG09170AR2	0.246	5	3	1	1
EOG09170AZR	0.256	6	2	1	3
EOG09170ARV	0.51	12	5	2	5
EOG091702VB	0.283	14	6	2	6
EOG091702VV	0.363	12	5	2	5
EOG091704X1	0.902	12	5	2	5
EOG091704X7	0.868	11	4	2	5
EOG091704X6	0.812	14	6	2	6
EOG091702V0	0.214	13	5	2	6
EOG091703PS	0.496	13	6	1	6
EOG091703PP	0.424	9	5	2	2
EOG09170043	0.636	14	6	2	6
EOG09170044	0.76	14	6	2	6
EOG09170047	0.707	14	6	2	6
EOG0917004W	0.201	14	6	2	6
EOG091703P9	0.524	11	5	2	4
EOG091703P5	0.385	5	3	1	1
EOG091709NC	0.693	13	5	2	6
EOG09170935	0.294	9	4	2	3
EOG091702KE	0.217	8	4	1	3
EOG091702KB	0.251	14	6	2	6
EOG091702K4	0.894	14	6	2	6
EOG091702K3	0.401	12	5	1	6
EOG09170AIH	0.462	8	3	2	3
EOG091700QI	0.52	13	5	2	6
EOG091700QL	0.616	14	6	2	6
EOG091700QG	0.736	14	6	2	6
EOG091700QE	0.28	14	6	2	6
EOG091700QT	0.398	14	6	2	6
EOG0917018O	0.752	14	6	2	6
EOG0917018Z	0.559	12	4	2	6
EOG09170450	0.386	14	6	2	6
EOG09170454	0.392	13	5	2	6
EOG09170235	0.413	10	4	1	5
EOG091705JC	0.441	5	2	1	2
EOG0917023X	0.529	14	6	2	6
EOG0917023F	0.719	14	6	2	6
EOG0917098P	0.831	13	6	2	5
EOG091706NN	0.205	11	5	2	4
EOG091706NC	0.327	12	5	1	6
EOG091705Q2	0.718	14	6	2	6
EOG091705QJ	0.565	7	3	1	3
EOG091705QO	0.587	12	6	2	4
EOG0917098E	0.919	13	5	2	6
EOG0917077U	0.38	12	4	2	6
EOG091702PA	0.764	13	6	2	5
EOG091702PK	0.393	12	4	2	6
EOG091702PV	0.71	14	6	2	6
EOG091702PU	0.335	14	6	2	6
EOG091702PS	0.473	12	6	2	4
EOG091702PR	0.432	13	5	2	6
EOG091704V5	0.363	13	5	2	6
EOG091704VA	0.798	11	5	2	4
EOG091704VK	0.384	13	5	2	6
EOG091704VS	0.523	13	5	2	6
EOG091704VQ	0.494	14	6	2	6
EOG091702P4	0.314	14	6	2	6
EOG091708JC	0.331	13	5	2	6
EOG091705LU	0.232	14	6	2	6
EOG091706QT	0.294	13	6	1	6
EOG09170BQ6	0.228	5	2	1	2
EOG091709H5	0.264	14	6	2	6
EOG091709H2	0.925	13	5	2	6
EOG09170AKT	0.317	10	4	2	4
EOG09170AKB	0.628	12	5	1	6
EOG091700WA	0.269	14	6	2	6
EOG0917043J	0.851	11	5	2	4
EOG0917043F	0.684	13	5	2	6
EOG091701OW	0.261	13	5	2	6
EOG0917075O	0.372	14	6	2	6
EOG0917099U	0.277	13	6	1	6
EOG0917065I	0.454	13	6	1	6
EOG091708S1	0.34	10	4	1	5
EOG091705S1	0.239	9	3	2	4
EOG09170A55	0.227	8	3	2	3
EOG091702RX	0.305	14	6	2	6
EOG09170AUB	0.504	8	4	1	3
EOG091702RD	0.726	14	6	2	6
EOG091704K7	0.514	10	5	1	4
EOG091704T9	0.829	12	4	2	6
EOG091702R1	0.669	6	3	1	2
EOG091708HO	0.824	12	5	2	5
EOG091708HN	0.598	13	5	2	6
EOG09170BSI	0.36	6	1	1	4
EOG091709JI	0.254	5	1	1	3
EOG09170656	0.353	13	6	1	6
EOG091706XQ	0.384	14	6	2	6
EOG091700U2	0.271	14	6	2	6
EOG091700U0	0.596	14	6	2	6
EOG091706XT	0.907	13	5	2	6
EOG09170AEK	0.771	14	6	2	6
EOG09170AEM	0.655	13	5	2	6
EOG091700UG	0.242	14	6	2	6
EOG09170147	0.716	14	6	2	6
EOG09170148	0.218	14	6	2	6
EOG091701IU	0.864	14	6	2	6
EOG091701IS	0.906	14	6	2	6
EOG091701IR	0.87	14	6	2	6
EOG091701IO	0.649	14	6	2	6
EOG091701IJ	0.417	13	5	2	6
EOG091707SG	0.208	12	5	1	6
EOG091707SR	0.315	12	5	2	5
EOG091707ST	0.731	14	6	2	6
EOG091707S8	0.477	13	6	2	5
EOG091705U3	0.228	14	6	2	6
EOG091705U2	0.488	12	4	2	6
EOG091705UW	0.303	14	6	2	6
EOG091705UU	0.796	13	5	2	6
EOG091704RV	0.243	14	6	2	6
EOG091704RP	0.27	11	5	2	4
EOG0917045R	0.837	11	4	1	6
EOG0917045P	0.282	7	3	2	2
EOG091703Z8	0.376	12	5	2	5
EOG091703Z5	0.211	13	5	2	6
EOG091703Z0	0.423	13	6	1	6
EOG0917035I	0.223	14	6	2	6
EOG0917035D	0.745	13	5	2	6
EOG091708J4	0.407	10	4	2	4
EOG091700K2	0.895	13	5	2	6
EOG091700KZ	0.266	14	6	2	6
EOG091700KP	0.266	14	6	2	6
EOG091701KB	0.209	14	6	2	6
EOG091701KW	0.528	14	6	2	6
EOG09170AB9	0.684	11	5	1	5
EOG0917029I	0.905	14	6	2	6
EOG0917029S	0.574	12	6	2	4
EOG09170160	0.253	14	6	2	6
EOG0917016B	0.819	13	5	2	6
EOG091704OB	0.406	14	6	2	6
EOG0917016F	0.212	14	6	2	6
EOG091705WQ	0.243	14	6	2	6
EOG091705WK	0.22	13	5	2	6
EOG091705WL	0.237	13	5	2	6
EOG091708Y7	0.542	8	4	1	3
EOG09170768	0.752	13	5	2	6
EOG091704P5	0.777	9	4	1	4
EOG091704PS	0.247	9	3	2	4
EOG091704PU	0.21	14	6	2	6
EOG091703XE	0.4	13	6	2	5
EOG091708LG	0.818	13	5	2	6
EOG091708LX	0.259	13	6	1	6
EOG091705P3	0.736	14	6	2	6
EOG09170333	0.864	14	6	2	6
EOG09170330	0.327	14	6	2	6
EOG0917033L	0.884	14	6	2	6
EOG0917033K	0.797	13	5	2	6
EOG0917033P	0.317	7	3	1	3
EOG09170585	0.247	14	6	2	6
EOG091706OU	0.242	14	6	2	6
EOG091706OL	0.482	13	6	1	6
EOG091700I6	0.473	14	6	2	6
EOG09170AA3	0.664	8	3	1	4
EOG09170AA0	0.21	7	3	1	3
EOG091700IZ	0.446	14	6	2	6
EOG091700IJ	0.792	12	5	2	5
EOG091701EK	0.642	14	6	2	6
EOG091701EO	0.612	13	6	2	5
EOG091701EP	0.87	14	6	2	6
EOG091701EZ	0.622	14	6	2	6
EOG0917076N	0.22	11	5	2	4
EOG091701E2	0.564	13	5	2	6
EOG091701E1	0.834	13	5	2	6
EOG091701E4	0.661	14	6	2	6
EOG091707WT	0.625	13	5	2	6
EOG091707WP	0.228	9	3	1	5
EOG09170105	0.419	14	6	2	6
EOG0917010J	0.241	14	6	2	6
EOG091704MU	0.206	11	3	2	6
EOG091706RG	0.591	6	2	1	3
EOG0917081B	0.77	10	4	1	5
EOG091705Y1	0.492	7	3	1	3
EOG09170A3D	0.699	13	6	1	6
EOG09170A3H	0.25	8	4	1	3
EOG091705YW	0.791	14	6	2	6
EOG091706RP	0.639	14	6	2	6
EOG09170BD6	0.226	9	2	2	5
EOG091702XF	0.794	7	4	1	2
EOG091702XS	0.559	13	6	1	6
EOG091702X8	0.744	14	6	2	6
EOG091702X7	0.252	11	5	2	4
EOG091702X1	0.766	13	5	2	6
EOG091703FQ	0.247	10	4	2	4
EOG091703FI	0.5	9	3	2	4
EOG091703FB	0.276	13	6	1	6
EOG09170319	0.669	13	5	2	6
EOG09170312	0.565	14	6	2	6
EOG0917065J	0.335	11	5	2	4
EOG091707T2	0.621	14	6	2	6
EOG0917031S	0.693	14	6	2	6
EOG0917031O	0.423	14	6	2	6
EOG0917031A	0.438	13	5	2	6
EOG091700O1	0.211	14	6	2	6
EOG09170C05	0.329	10	4	1	5
EOG091700OH	0.522	14	6	2	6
EOG091701GJ	0.225	14	6	2	6
EOG091701G1	0.809	13	6	2	5
EOG091701G8	0.305	14	6	2	6
EOG091707UY	0.844	13	6	1	6
EOG091707UM	0.755	8	2	2	4
EOG09170129	0.616	13	6	1	6
EOG0917012S	0.267	14	6	2	6
EOG0917087R	0.324	12	5	1	6
EOG0917087G	0.803	12	5	2	5
EOG0917087H	0.27	13	5	2	6
EOG0917087I	0.34	13	6	1	6
EOG0917078S	0.39	8	3	2	3
EOG0917078U	0.531	12	5	1	6
EOG09170840	0.408	13	6	1	6
EOG09170C08	0.261	4	1	1	2
EOG091702ZI	0.422	13	5	2	6
EOG091702ZW	0.81	13	5	2	6
EOG091702ZX	0.293	13	6	1	6
EOG091703DB	0.458	14	6	2	6
EOG091708P9	0.863	6	2	1	3
EOG0917066T	0.937	9	2	2	5
EOG0917066Z	0.823	14	6	2	6
EOG091707HH	0.312	13	5	2	6
EOG091707HL	0.746	13	6	2	5
EOG091709RK	0.277	6	3	1	2
