EOG091700MJ	0.226	14	6	2	6
EOG091700MG	0.371	14	6	2	6
EOG091700MD	0.375	14	6	2	6
EOG091700MW	0.395	14	6	2	6
EOG091700MS	0.304	14	6	2	6
EOG091700MQ	0.309	14	6	2	6
EOG091700M4	0.355	14	6	2	6
EOG091700M2	0.381	14	6	2	6
EOG091701AI	0.23	14	6	2	6
EOG091701A7	0.268	12	6	2	4
EOG091704I8	0.607	14	6	2	6
EOG091704IH	0.237	13	6	1	6
EOG0917050J	0.207	12	6	1	5
EOG0917085X	0.214	13	6	1	6
EOG0917050V	0.588	14	6	2	6
EOG091705DS	0.356	14	6	2	6
EOG091702DP	0.55	14	6	2	6
EOG091702DF	0.355	14	6	2	6
EOG091706SJ	0.388	14	6	2	6
EOG091706HM	0.234	14	6	2	6
EOG091700CB	0.605	13	6	2	5
EOG091700CD	0.492	14	6	2	6
EOG091700CH	0.247	14	6	2	6
EOG091700CX	0.497	14	6	2	6
EOG091700CZ	0.402	14	6	2	6
EOG091700C3	0.282	14	6	2	6
EOG091700C6	0.387	14	6	2	6
EOG091701CP	0.296	13	6	1	6
EOG091701CJ	0.549	13	6	2	5
EOG091701C2	0.261	14	6	2	6
EOG091701C5	0.418	13	6	2	5
EOG091706S5	0.427	14	6	2	6
EOG091704G8	0.466	11	5	2	4
EOG091704GR	0.324	14	6	2	6
EOG0917052A	0.459	13	6	1	6
EOG09170525	0.393	14	6	2	6
EOG091702FR	0.264	12	6	0	6
EOG091702FC	0.669	14	6	2	6
EOG091702FB	0.522	14	6	2	6
EOG091702F5	0.369	14	6	2	6
EOG091702F6	0.384	14	6	2	6
EOG091702F0	0.262	14	6	2	6
EOG091706JO	0.339	14	6	2	6
EOG091706JZ	0.676	14	6	2	6
EOG091708TB	0.315	14	6	2	6
EOG091707LY	0.31	13	5	2	6
EOG091707LO	0.537	14	6	2	6
EOG091707LK	0.365	13	6	2	5
EOG091707L8	0.38	13	6	1	6
EOG091707L9	0.65	14	6	2	6
EOG091700AS	0.436	13	6	2	5
EOG091700AJ	0.219	14	6	2	6
EOG091700AO	0.228	14	6	2	6
EOG091700AF	0.377	14	6	2	6
EOG091706ZK	0.224	14	6	2	6
EOG091700A4	0.485	14	6	2	6
EOG091706WS	0.413	14	6	2	6
EOG091704EK	0.458	13	6	1	6
EOG09170548	0.567	14	6	2	6
EOG0917009M	0.256	14	6	2	6
EOG0917009S	0.443	14	6	2	6
EOG0917009P	0.367	14	6	2	6
EOG0917009W	0.338	14	6	2	6
EOG091700ZK	0.769	14	6	2	6
EOG091700ZI	0.356	14	6	2	6
EOG091700ZF	0.712	14	6	2	6
EOG091700ZE	0.773	14	6	2	6
EOG091700ZY	0.388	14	6	2	6
EOG0917039F	0.606	14	6	2	6
EOG0917039I	0.338	14	6	2	6
EOG091701XN	0.374	14	6	2	6
EOG0917039N	0.22	14	6	2	6
EOG091701XY	0.224	14	6	2	6
EOG091703N3	0.3	13	6	1	6
EOG091703NL	0.373	14	6	2	6
EOG091703NR	0.39	14	6	2	6
EOG091703NW	0.75	14	6	2	6
EOG091701X4	0.404	13	6	1	6
EOG091701X7	0.241	14	6	2	6
EOG091707BE	0.317	13	6	1	6
EOG091707BG	0.267	13	6	1	6
EOG09170794	0.266	14	6	2	6
EOG091700GP	0.223	14	6	2	6
EOG091700GR	0.324	14	6	2	6
EOG091700GN	0.233	14	6	2	6
EOG091700GK	0.242	12	5	1	6
EOG091700GD	0.504	14	6	2	6
EOG091700GF	0.786	14	6	2	6
EOG091700GA	0.21	14	6	2	6
EOG091700GB	0.403	14	6	2	6
EOG091700G5	0.268	14	6	2	6
EOG091700G2	0.695	14	6	2	6
EOG091706DW	0.243	14	6	2	6
EOG091704CM	0.728	14	6	2	6
EOG0917056P	0.769	14	6	2	6
EOG0917056J	0.584	14	6	2	6
EOG091700XL	0.397	14	6	2	6
EOG091700XO	0.215	14	6	2	6
EOG091700XF	0.27	14	6	2	6
EOG091700XC	0.37	14	6	2	6
EOG091700XZ	0.228	13	5	2	6
EOG091700XU	0.268	14	6	2	6
EOG091700XW	0.294	14	6	2	6
EOG091702BE	0.27	14	6	2	6
EOG091702BT	0.453	14	6	2	6
EOG091701ZT	0.584	14	6	2	6
EOG091701ZR	0.387	14	6	2	6
EOG091701ZS	0.385	14	6	2	6
EOG091701ZC	0.4	14	6	2	6
EOG091703L8	0.439	14	6	2	6
EOG091703L6	0.403	14	6	2	6
EOG091703LV	0.679	14	6	2	6
EOG091703LW	0.257	12	4	2	6
EOG091701Z0	0.401	14	6	2	6
EOG091700ER	0.286	14	6	2	6
EOG091700EP	0.5	14	6	2	6
EOG09170AU5	0.253	12	5	2	5
EOG0917003Y	0.434	14	6	2	6
EOG0917003E	0.418	14	6	2	6
EOG0917003K	0.35	14	6	2	6
EOG091704A6	0.24	14	6	2	6
EOG091704AX	0.2	14	6	2	6
EOG091703W2	0.743	14	6	2	6
EOG091703W1	0.326	14	6	2	6
EOG091703WK	0.27	12	6	0	6
EOG091703WH	0.243	14	6	2	6
EOG091703WA	0.594	14	6	2	6
EOG091703WU	0.743	14	6	2	6
EOG091703WT	0.675	14	6	2	6
EOG091702L0	0.2	14	6	2	6
EOG091702LF	0.222	13	6	1	6
EOG091701TC	0.59	14	6	2	6
EOG091703JY	0.41	14	6	2	6
EOG091703JU	0.398	14	6	2	6
EOG091703JG	0.379	14	6	2	6
EOG091703JA	0.478	14	6	2	6
EOG091701T1	0.613	14	6	2	6
EOG091701T7	0.617	13	5	2	6
EOG0917024O	0.289	13	6	1	6
EOG0917024B	0.447	14	6	2	6
EOG0917024X	0.777	14	6	2	6
EOG0917014S	0.318	14	6	2	6
EOG0917014W	0.287	14	6	2	6
EOG09170034	0.449	14	6	2	6
EOG09170035	0.386	14	6	2	6
EOG09170038	0.405	14	6	2	6
EOG0917003C	0.433	14	6	2	6
EOG0917003H	0.379	14	6	2	6
EOG0917003M	0.495	14	6	2	6
EOG09170140	0.251	14	6	2	6
EOG09170142	0.421	14	6	2	6
EOG09170145	0.337	14	6	2	6
EOG09170411	0.373	14	6	2	6
EOG091703U9	0.338	14	6	2	6
EOG091703U4	0.415	14	6	2	6
EOG091703UM	0.306	14	6	2	6
EOG091703UG	0.341	14	6	2	6
EOG091703UF	0.2	13	6	1	6
EOG091702N4	0.575	14	6	2	6
EOG091702NB	0.256	14	6	2	6
EOG091702NK	0.384	14	6	2	6
EOG091702NW	0.62	14	6	2	6
EOG091706BH	0.356	13	6	1	6
EOG091706BK	0.637	13	5	2	6
EOG091701VU	0.289	14	6	2	6
EOG091703HX	0.38	13	5	2	6
EOG091701V2	0.431	14	6	2	6
EOG091703HH	0.648	14	6	2	6
EOG09170485	0.324	13	6	1	6
EOG0917026N	0.379	13	6	2	5
EOG0917026D	0.389	14	6	2	6
EOG0917026Y	0.359	14	6	2	6
EOG091708FH	0.43	13	6	1	6
EOG091707D1	0.258	13	6	1	6
EOG09170267	0.448	14	6	2	6
EOG09170263	0.382	14	6	2	6
EOG09170B7P	0.206	13	6	1	6
EOG091707F1	0.503	14	6	2	6
EOG0917001K	0.396	14	6	2	6
EOG0917001Z	0.322	14	6	2	6
EOG0917001Y	0.753	14	6	2	6
EOG0917001R	0.307	14	6	2	6
EOG0917001P	0.26	13	6	1	6
EOG091703H3	0.41	12	5	2	5
EOG09170012	0.573	14	6	2	6
EOG091703S8	0.614	13	5	2	6
EOG091703SV	0.751	14	6	2	6
EOG091700RA	0.216	14	6	2	6
EOG091700RF	0.756	14	6	2	6
EOG091700RK	0.352	14	6	2	6
EOG091702H7	0.342	14	6	2	6
EOG091701PM	0.649	14	6	2	6
EOG091701PH	0.247	14	6	2	6
EOG091701P8	0.387	14	6	2	6
EOG0917020X	0.321	14	6	2	6
EOG091707DA	0.469	14	6	2	6
EOG091709UD	0.231	14	6	2	6
EOG0917007L	0.548	14	6	2	6
EOG0917007I	0.356	14	6	2	6
EOG0917007E	0.394	14	6	2	6
EOG0917007G	0.377	14	6	2	6
EOG0917007A	0.611	14	6	2	6
EOG0917007X	0.483	14	6	2	6
EOG0917007Z	0.463	14	6	2	6
EOG0917007U	0.356	14	6	2	6
EOG091702U1	0.256	14	6	2	6
EOG091702U4	0.314	13	6	1	6
EOG091705K4	0.22	13	6	2	5
EOG09170075	0.407	14	6	2	6
EOG09170070	0.259	14	6	2	6
EOG09170073	0.368	14	6	2	6
EOG091703QR	0.319	13	6	1	6
EOG09170693	0.471	14	6	2	6
EOG09170BK4	0.554	14	6	2	6
EOG091700PJ	0.596	14	6	2	6
EOG091702JR	0.558	14	6	2	6
EOG091700P6	0.338	14	6	2	6
EOG091700P3	0.774	14	6	2	6
EOG091700P2	0.41	14	6	2	6
EOG091701RV	0.392	14	6	2	6
EOG091701RP	0.428	14	6	2	6
EOG091706FZ	0.224	14	6	2	6
EOG09170448	0.441	14	6	2	6
EOG0917022P	0.737	14	6	2	6
EOG0917022R	0.269	14	6	2	6
EOG0917022V	0.62	13	5	2	6
EOG0917022I	0.526	14	6	2	6
EOG091707X5	0.596	14	6	2	6
EOG0917019Q	0.264	14	6	2	6
EOG091704YJ	0.365	14	6	2	6
EOG091704YG	0.254	14	6	2	6
EOG091704YB	0.675	14	6	2	6
EOG091704YP	0.347	14	6	2	6
EOG091704Y7	0.331	14	6	2	6
EOG0917005A	0.814	14	6	2	6
EOG0917005N	0.447	14	6	2	6
EOG0917005M	0.473	14	6	2	6
EOG0917005V	0.312	14	6	2	6
EOG0917005Q	0.355	14	6	2	6
EOG0917005Z	0.435	14	6	2	6
EOG091702W1	0.567	14	6	2	6
EOG091702W5	0.226	13	6	1	6
EOG091702WR	0.529	14	6	2	6
EOG091702WP	0.374	14	6	2	6
EOG09170056	0.363	14	6	2	6
EOG091700VO	0.366	14	6	2	6
EOG091700VN	0.364	12	4	2	6
EOG091700VI	0.546	14	6	2	6
EOG091700VH	0.434	14	6	2	6
EOG091700VD	0.776	14	6	2	6
EOG091700VZ	0.344	14	6	2	6
EOG091700VY	0.766	14	6	2	6
EOG091700VS	0.378	14	6	2	6
EOG091700V2	0.567	14	6	2	6
EOG091700V0	0.715	14	6	2	6
EOG091701LH	0.511	14	6	2	6
EOG091701L2	0.406	14	6	2	6
EOG091701L5	0.309	14	6	2	6
EOG09170421	0.201	14	6	2	6
EOG09170420	0.34	14	6	2	6
EOG0917042A	0.449	13	6	1	6
EOG091705PJ	0.241	14	6	2	6
EOG091705PC	0.261	13	6	1	6
EOG091705PQ	0.363	13	6	1	6
EOG091704WS	0.351	14	6	2	6
EOG091706UC	0.324	12	5	1	6
EOG091704W6	0.769	14	6	2	6
EOG091705OD	0.544	13	5	2	6
EOG091702Q1	0.418	14	6	2	6
EOG091702QH	0.369	14	6	2	6
EOG091708KT	0.536	14	6	2	6
EOG091705IO	0.227	14	6	2	6
EOG091700TK	0.358	13	6	1	6
EOG091700TJ	0.484	14	6	2	6
EOG091700TM	0.349	14	6	2	6
EOG091700TL	0.269	14	6	2	6
EOG091700TU	0.715	14	6	2	6
EOG091700TW	0.593	14	6	2	6
EOG091700T6	0.399	14	6	2	6
EOG091701NU	0.411	14	6	2	6
EOG091701NY	0.624	14	6	2	6
EOG091706ZS	0.68	14	6	2	6
EOG091701N3	0.324	14	6	2	6
EOG0917015P	0.654	13	5	2	6
EOG0917015Y	0.209	14	6	2	6
EOG0917015B	0.388	14	6	2	6
EOG0917015D	0.471	14	6	2	6
EOG0917015K	0.214	14	6	2	6
EOG0917040H	0.4	14	6	2	6
EOG0917015O	0.452	14	6	2	6
EOG091705RJ	0.475	13	6	1	6
EOG091705RI	0.382	13	6	1	6
EOG091704UL	0.452	14	6	2	6
EOG091704U0	0.41	13	5	2	6
EOG091702SI	0.311	14	6	2	6
EOG0917036J	0.453	14	6	2	6
EOG0917036A	0.311	14	6	2	6
EOG0917036U	0.632	13	5	2	6
EOG09170364	0.446	14	6	2	6
EOG091708AW	0.298	14	6	2	6
EOG091700JZ	0.76	14	6	2	6
EOG091700JG	0.368	14	6	2	6
EOG091700J4	0.609	14	6	2	6
EOG091701HS	0.754	14	6	2	6
EOG091701HZ	0.363	14	6	2	6
EOG091701HM	0.282	14	6	2	6
EOG091701HJ	0.782	14	6	2	6
EOG091701H8	0.377	14	6	2	6
EOG0917073E	0.201	13	6	1	6
EOG09170176	0.346	13	6	1	6
EOG09170171	0.728	14	6	2	6
EOG09170170	0.35	14	6	2	6
EOG091704NZ	0.378	14	6	2	6
EOG091704NY	0.678	14	6	2	6
EOG091704NR	0.443	14	6	2	6
EOG0917017W	0.328	14	6	2	6
EOG0917017P	0.615	14	6	2	6
EOG0917017D	0.304	14	6	2	6
EOG0917017M	0.332	14	6	2	6
EOG0917017J	0.327	14	6	2	6
EOG091706QO	0.28	14	6	2	6
EOG09170285	0.266	14	6	2	6
EOG0917028D	0.35	14	6	2	6
EOG0917028W	0.357	14	6	2	6
EOG091705T9	0.608	14	6	2	6
EOG09170A6D	0.214	13	6	1	6
EOG091704S8	0.324	14	6	2	6
EOG0917034N	0.263	13	6	1	6
EOG0917034Z	0.387	14	6	2	6
EOG09170341	0.208	14	6	2	6
EOG091703YE	0.368	13	6	1	6
EOG091703YO	0.371	14	6	2	6
EOG091703YS	0.268	14	6	2	6
EOG091703YU	0.451	12	5	2	5
EOG091700HQ	0.784	14	6	2	6
EOG091700HF	0.663	14	6	2	6
EOG091700H4	0.759	14	6	2	6
EOG09170AF2	0.347	12	6	1	5
EOG091707QE	0.274	13	6	1	6
EOG091708UY	0.455	14	6	2	6
EOG0917011K	0.241	14	6	2	6
EOG0917011F	0.397	14	6	2	6
EOG0917011E	0.332	14	6	2	6
EOG0917011D	0.781	14	6	2	6
EOG0917011W	0.758	14	6	2	6
EOG0917011T	0.276	13	6	1	6
EOG091701J2	0.231	13	6	1	6
EOG091701J0	0.39	14	6	2	6
EOG091701JV	0.366	14	6	2	6
EOG091701JT	0.27	13	5	2	6
EOG091705VZ	0.62	14	6	2	6
EOG091705V6	0.22	10	5	1	4
EOG091704OM	0.729	14	6	2	6
EOG091704Q8	0.389	14	6	2	6
EOG0917032K	0.415	14	6	2	6
EOG09170631	0.321	13	6	1	6
EOG09170635	0.315	14	6	2	6
EOG091703GK	0.773	14	6	2	6
EOG091703GH	0.535	13	6	2	5
EOG091700NW	0.342	14	6	2	6
EOG091700NS	0.364	14	6	2	6
EOG091700NE	0.372	14	6	2	6
EOG091700N4	0.79	14	6	2	6
EOG091706WB	0.306	14	6	2	6
EOG0917013B	0.504	14	6	2	6
EOG0917013L	0.773	14	6	2	6
EOG0917013P	0.793	14	6	2	6
EOG091701DI	0.386	14	6	2	6
EOG091701DK	0.427	14	6	2	6
EOG091701DV	0.728	14	6	2	6
EOG09170131	0.22	14	6	2	6
EOG09170135	0.285	14	6	2	6
EOG09170134	0.387	14	6	2	6
EOG091707VQ	0.424	13	6	1	6
EOG0917086S	0.279	14	6	2	6
EOG091707ZG	0.244	11	5	1	5
EOG091705HI	0.51	14	6	2	6
EOG091702Y9	0.604	14	6	2	6
EOG091702Y0	0.206	14	6	2	6
EOG091703E1	0.27	14	6	2	6
EOG0917030I	0.715	14	6	2	6
EOG09170306	0.384	14	6	2	6
EOG091703EO	0.752	14	6	2	6
EOG091703EJ	0.276	14	6	2	6
EOG091703EG	0.577	14	6	2	6
EOG091700L1	0.397	14	6	2	6
EOG091700L0	0.397	14	6	2	6
EOG091700L4	0.373	14	6	2	6
EOG091700L6	0.376	14	6	2	6
EOG091700LK	0.76	14	6	2	6
EOG091700LE	0.332	14	6	2	6
EOG091701F5	0.458	14	6	2	6
EOG091701FX	0.355	14	6	2	6
EOG091708U8	0.325	13	5	2	6
EOG091701FR	0.327	14	6	2	6
EOG091701FI	0.457	14	6	2	6
EOG091704H8	0.328	13	6	2	5
EOG09170725	0.416	13	5	2	6
EOG09170518	0.322	13	6	2	5
EOG091706KB	0.248	13	6	2	5
EOG0917067F	0.202	13	6	1	6
EOG09170676	0.482	13	5	2	6
EOG09170677	0.209	14	6	2	6
EOG09170678	0.438	14	6	2	6
EOG091703CY	0.237	14	6	2	6
EOG091704LV	0.223	14	6	2	6
EOG091705AI	0.553	14	6	2	6
EOG091708LO	0.461	13	5	2	6
EOG09170BLD	0.37	14	6	2	6
EOG091700B2	0.32	14	6	2	6
EOG091700B1	0.61	14	6	2	6
EOG091700BF	0.629	14	6	2	6
EOG091700BL	0.302	14	6	2	6
EOG091700BS	0.564	14	6	2	6
EOG091700BV	0.589	14	6	2	6
EOG091700BU	0.222	14	6	2	6
EOG091700BX	0.375	14	6	2	6
EOG091704F6	0.449	14	6	2	6
EOG091708HT	0.271	13	6	1	6
EOG09170535	0.482	14	6	2	6
EOG09170536	0.48	14	6	2	6
EOG0917072M	0.334	14	6	2	6
EOG0917053H	0.589	14	6	2	6
EOG09170A1U	0.282	12	6	0	6
EOG091702EV	0.212	14	6	2	6
EOG091702EG	0.412	14	6	2	6
EOG091703AX	0.358	14	6	2	6
EOG091703AV	0.279	14	6	2	6
EOG091703A7	0.228	14	6	2	6
EOG091705KE	0.261	14	6	2	6
EOG091706X6	0.409	12	6	0	6
EOG091706ID	0.419	14	6	2	6
EOG091705KK	0.26	14	6	2	6
EOG091706IV	0.388	14	6	2	6
EOG0917062T	0.226	13	6	1	6
EOG091705KZ	0.464	13	5	2	6
EOG091708QS	0.248	13	5	2	6
EOG091704DO	0.28	14	6	2	6
EOG091701BP	0.612	14	6	2	6
EOG091701BX	0.381	14	6	2	6
EOG091701BD	0.333	14	6	2	6
EOG091701BA	0.441	14	6	2	6
EOG091701BJ	0.27	14	6	2	6
EOG091704D8	0.628	14	6	2	6
EOG0917008O	0.395	14	6	2	6
EOG0917008X	0.383	14	6	2	6
EOG09170731	0.465	11	4	2	5
EOG09170089	0.362	14	6	2	6
EOG09170088	0.374	14	6	2	6
EOG091706EG	0.659	13	5	2	6
EOG09170551	0.35	14	6	2	6
EOG091702G1	0.214	14	6	2	6
EOG091702GR	0.429	14	6	2	6
EOG091703ON	0.46	13	6	1	6
EOG091708U6	0.55	13	6	2	5
EOG091701Y2	0.235	14	6	2	6
EOG091701YQ	0.496	14	6	2	6
EOG091706KZ	0.348	14	6	2	6
EOG091701XJ	0.366	14	6	2	6
EOG091701XV	0.448	14	6	2	6
EOG091700F6	0.353	14	6	2	6
EOG091700F2	0.627	14	6	2	6
EOG091700F1	0.749	14	6	2	6
EOG091700FQ	0.422	14	6	2	6
EOG091700FI	0.454	14	6	2	6
EOG091700FE	0.459	14	6	2	6
EOG091700FC	0.212	13	5	2	6
EOG091704B8	0.389	14	6	2	6
EOG091704B7	0.405	14	6	2	6
EOG091708ZG	0.272	11	4	2	5
EOG0917071J	0.295	13	5	2	6
EOG0917071V	0.321	14	6	2	6
EOG0917057S	0.211	14	6	2	6
EOG091709D4	0.482	13	6	2	5
EOG0917097T	0.385	13	5	2	6
EOG091702AQ	0.536	14	6	2	6
EOG091702AB	0.254	14	6	2	6
EOG091703MN	0.295	13	5	2	6
EOG091703MW	0.24	14	6	2	6
EOG091703MX	0.409	14	6	2	6
EOG091703M8	0.225	14	6	2	6
EOG0917038F	0.241	13	6	1	6
EOG0917038G	0.767	14	6	2	6
EOG0917038J	0.232	13	6	2	5
EOG0917038I	0.42	14	6	2	6
EOG0917038S	0.367	14	6	2	6
EOG091706MY	0.624	14	6	2	6
EOG091707A9	0.272	14	6	2	6
EOG091700D8	0.395	14	6	2	6
EOG091700DQ	0.322	14	6	2	6
EOG091700DV	0.502	14	6	2	6
EOG091700DB	0.645	14	6	2	6
EOG091700DH	0.66	14	6	2	6
EOG091700DM	0.213	14	6	2	6
EOG091700DN	0.429	14	6	2	6
EOG091705B3	0.787	14	6	2	6
EOG0917059W	0.28	14	6	2	6
EOG091704MY	0.361	14	6	2	6
EOG091702CM	0.64	14	6	2	6
EOG091702CU	0.431	14	6	2	6
EOG091703KN	0.729	14	6	2	6
EOG091700Y0	0.608	13	5	2	6
EOG091700Y6	0.467	14	6	2	6
EOG091700YP	0.428	14	6	2	6
EOG091700YQ	0.342	14	6	2	6
EOG091700YY	0.777	14	6	2	6
EOG091701US	0.751	14	6	2	6
EOG091701UZ	0.622	14	6	2	6
EOG091706OP	0.465	14	6	2	6
EOG091701UI	0.321	13	6	1	6
EOG091701UN	0.334	14	6	2	6
EOG091707G6	0.204	14	6	2	6
EOG091708DS	0.482	14	6	2	6
EOG0917072A	0.372	14	6	2	6
EOG091706GT	0.567	14	6	2	6
EOG0917002Q	0.356	14	6	2	6
EOG0917002Y	0.362	14	6	2	6
EOG0917002F	0.341	14	6	2	6
EOG0917002D	0.757	14	6	2	6
EOG09170020	0.355	14	6	2	6
EOG09170027	0.649	14	6	2	6
EOG09170026	0.389	14	6	2	6
EOG091705JY	0.643	14	6	2	6
EOG091702MW	0.279	14	6	2	6
EOG091702M6	0.336	13	6	1	6
EOG091703IW	0.784	14	6	2	6
EOG091703IO	0.362	14	6	2	6
EOG0917044Q	0.772	14	6	2	6
EOG0917044X	0.206	14	6	2	6
EOG091701W5	0.325	13	6	1	6
EOG091701WW	0.268	14	6	2	6
EOG091701WM	0.233	14	6	2	6
EOG09170259	0.406	14	6	2	6
EOG091707E2	0.297	14	6	2	6
EOG09170253	0.484	14	6	2	6
EOG0917025D	0.33	14	6	2	6
EOG091707YJ	0.232	11	5	1	5
EOG0917000G	0.373	14	6	2	6
EOG0917000F	0.246	14	6	2	6
EOG0917000C	0.309	12	6	1	5
EOG0917000L	0.274	13	6	1	6
EOG09170001	0.333	14	6	2	6
EOG091703TX	0.395	14	6	2	6
EOG091705FJ	0.333	13	6	1	6
EOG091705FG	0.56	14	6	2	6
EOG091709BT	0.214	14	6	2	6
EOG091702OH	0.628	14	6	2	6
EOG091702OE	0.375	14	6	2	6
EOG091706MT	0.218	14	6	2	6
EOG091702O9	0.738	14	6	2	6
EOG09170AMA	0.222	11	5	0	6
EOG09170AMG	0.378	13	6	2	5
EOG091704JU	0.303	14	6	2	6
EOG091701Q9	0.774	14	6	2	6
EOG0917049N	0.321	14	6	2	6
EOG0917049L	0.355	13	6	2	5
EOG09170499	0.266	14	6	2	6
EOG091701QM	0.436	14	6	2	6
EOG091701QE	0.424	14	6	2	6
EOG091701QS	0.588	14	6	2	6
EOG09170278	0.299	13	6	1	6
EOG0917027N	0.724	14	6	2	6
EOG091704ZB	0.511	14	6	2	6
EOG091704ZL	0.426	14	6	2	6
EOG091702TQ	0.248	14	6	2	6
EOG091704J5	0.555	13	6	2	5
EOG091702T2	0.452	14	6	2	6
EOG091702T4	0.387	14	6	2	6
EOG091703RK	0.268	13	5	2	6
EOG09170064	0.765	14	6	2	6
EOG0917006F	0.433	14	6	2	6
EOG0917006X	0.654	14	6	2	6
EOG091703R5	0.458	14	6	2	6
EOG0917079E	0.367	13	6	2	5
EOG0917068S	0.427	13	6	1	6
EOG0917068U	0.361	14	6	2	6
EOG091702IT	0.228	14	6	2	6
EOG091702IV	0.216	14	6	2	6
EOG091702IF	0.287	14	6	2	6
EOG091706CP	0.414	14	6	2	6
EOG091702I7	0.747	14	6	2	6
EOG091702I0	0.378	14	6	2	6
EOG091700SF	0.734	14	6	2	6
EOG091700SL	0.509	13	6	1	6
EOG091701S1	0.642	14	6	2	6
EOG091701S0	0.256	14	6	2	6
EOG0917047N	0.239	14	6	2	6
EOG091701SH	0.46	14	6	2	6
EOG091701SL	0.302	14	6	2	6
EOG091701SP	0.371	14	6	2	6
EOG09170212	0.399	14	6	2	6
EOG0917064K	0.434	14	6	2	6
EOG0917021C	0.681	14	6	2	6
EOG0917021U	0.739	14	6	2	6
EOG0917021V	0.42	14	6	2	6
EOG0917045O	0.749	14	6	2	6
EOG09170ARR	0.232	12	5	1	6
EOG0917018R	0.433	14	6	2	6
EOG091702VN	0.52	14	6	2	6
EOG091702VB	0.366	14	6	2	6
EOG091704XG	0.336	13	5	2	6
EOG091703PR	0.52	11	5	2	4
EOG091703PS	0.276	13	6	1	6
EOG091705J8	0.443	14	6	2	6
EOG09170043	0.434	14	6	2	6
EOG09170047	0.345	14	6	2	6
EOG0917004I	0.41	14	6	2	6
EOG0917004L	0.562	14	6	2	6
EOG0917004S	0.595	14	6	2	6
EOG0917004R	0.347	14	6	2	6
EOG091709NJ	0.255	11	5	1	5
EOG091702K3	0.219	12	5	1	6
EOG091702K1	0.309	14	6	2	6
EOG091700Q9	0.931	14	6	2	6
EOG091700Q1	0.494	14	6	2	6
EOG091706EY	0.439	14	6	2	6
EOG091700QH	0.493	14	6	2	6
EOG091700QL	0.246	14	6	2	6
EOG091700QS	0.4	14	6	2	6
EOG091701M3	0.32	14	6	2	6
EOG0917018Q	0.558	14	6	2	6
EOG09170456	0.335	14	6	2	6
EOG09170182	0.453	14	6	2	6
EOG091701MX	0.364	14	6	2	6
EOG091701MU	0.654	14	6	2	6
EOG091701MB	0.211	14	6	2	6
EOG09170989	0.255	12	6	1	5
EOG0917023R	0.476	14	6	2	6
EOG0917023L	0.357	14	6	2	6
EOG0917098L	0.281	11	5	0	6
EOG091705QZ	0.677	14	6	2	6
EOG091705QR	0.281	14	6	2	6
EOG091702PA	0.408	13	6	2	5
EOG091702PM	0.677	14	6	2	6
EOG091702PT	0.218	13	5	2	6
EOG091704V7	0.385	14	6	2	6
EOG091704VH	0.274	14	6	2	6
EOG091702P1	0.595	14	6	2	6
EOG091705LF	0.478	14	6	2	6
EOG091708J7	0.343	13	6	1	6
EOG091709HL	0.344	11	5	2	4
EOG091709HI	0.327	11	5	2	4
EOG09170BQO	0.2	12	6	0	6
EOG091700W1	0.745	14	6	2	6
EOG091700W3	0.682	14	6	2	6
EOG091709MQ	0.462	11	5	2	4
EOG091700WA	0.216	14	6	2	6
EOG091700WC	0.293	14	6	2	6
EOG091701O9	0.27	14	6	2	6
EOG0917065P	0.247	13	6	1	6
EOG0917043C	0.338	14	6	2	6
EOG091701OX	0.521	14	6	2	6
EOG091701OO	0.743	14	6	2	6
EOG091701ON	0.227	14	6	2	6
EOG091701OK	0.385	14	6	2	6
EOG091701OG	0.575	14	6	2	6
EOG091706Q7	0.292	14	6	2	6
EOG091705S4	0.327	11	6	1	4
EOG091705SV	0.599	13	5	2	6
EOG091702RU	0.801	14	6	2	6
EOG091702RJ	0.508	14	6	2	6
EOG091702RD	0.418	14	6	2	6
EOG091704K4	0.289	13	5	2	6
EOG091704TI	0.32	14	6	2	6
EOG091704TV	0.201	13	6	1	6
EOG091704TX	0.588	14	6	2	6
EOG091705N2	0.797	14	6	2	6
EOG091705N8	0.5	14	6	2	6
EOG091705NQ	0.396	14	6	2	6
EOG091705NH	0.236	14	6	2	6
EOG09170371	0.708	14	6	2	6
EOG0917037H	0.381	14	6	2	6
EOG0917037P	0.452	14	6	2	6
EOG0917037W	0.349	14	6	2	6
EOG09170656	0.216	13	6	1	6
EOG091708SO	0.352	12	6	1	5
EOG091706XH	0.361	14	6	2	6
EOG09170AEM	0.407	13	5	2	6
EOG091700UK	0.51	14	6	2	6
EOG091700UR	0.755	14	6	2	6
EOG091701I8	0.381	13	5	2	6
EOG0917041W	0.251	13	6	1	6
EOG0917041U	0.702	14	6	2	6
EOG0917014T	0.636	14	6	2	6
EOG0917041Q	0.334	13	6	2	5
EOG0917014A	0.485	14	6	2	6
EOG091701IP	0.353	14	6	2	6
EOG091701IZ	0.432	14	6	2	6
EOG091705U3	0.335	14	6	2	6
EOG091705UV	0.323	11	5	2	4
EOG091703Z7	0.436	13	6	1	6
EOG091703Z3	0.429	14	6	2	6
EOG0917035M	0.382	14	6	2	6
EOG0917035H	0.394	14	6	2	6
EOG0917035J	0.666	14	6	2	6
EOG0917035E	0.466	14	6	2	6
EOG0917035P	0.553	14	6	2	6
EOG091708YU	0.218	12	6	0	6
EOG091708YL	0.373	13	5	2	6
EOG091700K1	0.374	14	6	2	6
EOG091700KA	0.576	14	6	2	6
EOG091701KL	0.749	14	6	2	6
EOG091701KB	0.377	14	6	2	6
EOG091701KX	0.399	14	6	2	6
EOG091701KQ	0.44	14	6	2	6
EOG091701K1	0.39	14	6	2	6
EOG091701K3	0.739	14	6	2	6
EOG0917029R	0.544	14	6	2	6
EOG09170167	0.277	14	6	2	6
EOG09170165	0.387	14	6	2	6
EOG0917016A	0.363	14	6	2	6
EOG0917016Y	0.284	14	6	2	6
EOG0917016T	0.262	14	6	2	6
EOG0917083K	0.24	13	6	1	6
EOG091705W1	0.411	14	6	2	6
EOG091705WW	0.502	14	6	2	6
EOG091705WJ	0.205	14	6	2	6
EOG091704P0	0.246	14	6	2	6
EOG091704P4	0.329	14	6	2	6
EOG091704PZ	0.273	13	6	1	6
EOG091704PJ	0.597	13	5	2	6
EOG091703XG	0.254	9	5	1	3
EOG091703X7	0.344	14	6	2	6
EOG09170333	0.864	14	6	2	6
EOG09170330	0.377	14	6	2	6
EOG09170629	0.225	14	6	2	6
EOG091709VL	0.526	14	6	2	6
EOG0917033I	0.514	14	6	2	6
EOG091700I8	0.354	14	6	2	6
EOG091700IU	0.291	14	6	2	6
EOG091700IF	0.762	14	6	2	6
EOG091701EB	0.457	14	6	2	6
EOG091701EP	0.203	14	6	2	6
EOG091701E7	0.448	14	6	2	6
EOG091707WO	0.378	13	6	2	5
EOG0917010N	0.563	14	6	2	6
EOG0917010E	0.454	14	6	2	6
EOG0917010T	0.31	14	6	2	6
EOG0917010U	0.514	14	6	2	6
EOG0917010Q	0.214	11	6	1	4
EOG091705Y7	0.387	14	6	2	6
EOG091705YB	0.735	14	6	2	6
EOG091702XG	0.206	14	6	2	6
EOG091702XC	0.253	14	6	2	6
EOG091702XW	0.281	13	6	1	6
EOG091702XS	0.244	13	6	1	6
EOG091703FY	0.378	13	6	1	6
EOG091703FW	0.291	14	6	2	6
EOG091703FA	0.247	14	6	2	6
EOG09170319	0.261	13	5	2	6
EOG09170311	0.568	14	6	2	6
EOG0917031S	0.393	14	6	2	6
EOG0917031L	0.562	14	6	2	6
EOG091700O7	0.38	14	6	2	6
EOG091700O1	0.324	14	6	2	6
EOG091700OU	0.398	14	6	2	6
EOG091700OS	0.215	14	6	2	6
EOG091700OY	0.759	14	6	2	6
EOG091700OC	0.316	13	6	1	6
EOG091700OH	0.463	14	6	2	6
EOG091700OI	0.375	14	6	2	6
EOG091701GU	0.689	14	6	2	6
EOG091701GR	0.323	14	6	2	6
EOG091707UJ	0.254	13	5	2	6
EOG09170124	0.204	14	6	2	6
EOG09170129	0.3	13	6	1	6
EOG0917012D	0.248	14	6	2	6
EOG0917012V	0.379	14	6	2	6
EOG0917012S	0.432	14	6	2	6
EOG0917012Z	0.383	14	6	2	6
EOG0917087Q	0.202	14	6	2	6
EOG091702Z3	0.407	14	6	2	6
EOG091702Z7	0.297	14	6	2	6
EOG091702Z6	0.535	14	6	2	6
EOG091703DX	0.365	14	6	2	6
EOG091703DF	0.277	14	6	2	6
EOG091703D9	0.214	14	6	2	6
EOG0917066R	0.337	13	6	1	6
EOG0917066Y	0.339	13	6	1	6
EOG0917084P	0.264	12	5	1	6
