EOG091704I8	0.607	14	6	2	6
EOG0917050V	0.588	14	6	2	6
EOG091702DP	0.55	14	6	2	6
EOG091700CB	0.605	13	6	2	5
EOG091701CJ	0.549	13	6	2	5
EOG091702FC	0.669	14	6	2	6
EOG091702FB	0.522	14	6	2	6
EOG091706JZ	0.676	14	6	2	6
EOG091707LO	0.537	14	6	2	6
EOG091707L9	0.65	14	6	2	6
EOG09170548	0.567	14	6	2	6
EOG091700ZK	0.769	14	6	2	6
EOG091700ZF	0.712	14	6	2	6
EOG091700ZE	0.773	14	6	2	6
EOG0917039F	0.606	14	6	2	6
EOG091703NW	0.75	14	6	2	6
EOG091700GD	0.504	14	6	2	6
EOG091700GF	0.786	14	6	2	6
EOG091700G2	0.695	14	6	2	6
EOG091704CM	0.728	14	6	2	6
EOG0917056P	0.769	14	6	2	6
EOG0917056J	0.584	14	6	2	6
EOG091701ZT	0.584	14	6	2	6
EOG091703LV	0.679	14	6	2	6
EOG091700EP	0.5	14	6	2	6
EOG091703W2	0.743	14	6	2	6
EOG091703WA	0.594	14	6	2	6
EOG091703WU	0.743	14	6	2	6
EOG091703WT	0.675	14	6	2	6
EOG091701TC	0.59	14	6	2	6
EOG091701T1	0.613	14	6	2	6
EOG091701T7	0.617	13	5	2	6
EOG0917024X	0.777	14	6	2	6
EOG091702N4	0.575	14	6	2	6
EOG091702NW	0.62	14	6	2	6
EOG091706BK	0.637	13	5	2	6
EOG091703HH	0.648	14	6	2	6
EOG091707F1	0.503	14	6	2	6
EOG0917001Y	0.753	14	6	2	6
EOG09170012	0.573	14	6	2	6
EOG091703S8	0.614	13	5	2	6
EOG091703SV	0.751	14	6	2	6
EOG091700RF	0.756	14	6	2	6
EOG091701PM	0.649	14	6	2	6
EOG0917007L	0.548	14	6	2	6
EOG0917007A	0.611	14	6	2	6
EOG09170BK4	0.554	14	6	2	6
EOG091700PJ	0.596	14	6	2	6
EOG091702JR	0.558	14	6	2	6
EOG091700P3	0.774	14	6	2	6
EOG0917022P	0.737	14	6	2	6
EOG0917022V	0.62	13	5	2	6
EOG0917022I	0.526	14	6	2	6
EOG091707X5	0.596	14	6	2	6
EOG091704YB	0.675	14	6	2	6
EOG0917005A	0.814	14	6	2	6
EOG091702W1	0.567	14	6	2	6
EOG091702WR	0.529	14	6	2	6
EOG091700VI	0.546	14	6	2	6
EOG091700VD	0.776	14	6	2	6
EOG091700VY	0.766	14	6	2	6
EOG091700V2	0.567	14	6	2	6
EOG091700V0	0.715	14	6	2	6
EOG091701LH	0.511	14	6	2	6
EOG091704W6	0.769	14	6	2	6
EOG091705OD	0.544	13	5	2	6
EOG091708KT	0.536	14	6	2	6
EOG091700TU	0.715	14	6	2	6
EOG091700TW	0.593	14	6	2	6
EOG091701NY	0.624	14	6	2	6
EOG091706ZS	0.68	14	6	2	6
EOG0917015P	0.654	13	5	2	6
EOG0917036U	0.632	13	5	2	6
EOG091700JZ	0.76	14	6	2	6
EOG091700J4	0.609	14	6	2	6
EOG091701HS	0.754	14	6	2	6
EOG091701HJ	0.782	14	6	2	6
EOG09170171	0.728	14	6	2	6
EOG091704NY	0.678	14	6	2	6
EOG0917017P	0.615	14	6	2	6
EOG091705T9	0.608	14	6	2	6
EOG091700HQ	0.784	14	6	2	6
EOG091700HF	0.663	14	6	2	6
EOG091700H4	0.759	14	6	2	6
EOG0917011D	0.781	14	6	2	6
EOG0917011W	0.758	14	6	2	6
EOG091705VZ	0.62	14	6	2	6
EOG091704OM	0.729	14	6	2	6
EOG091703GK	0.773	14	6	2	6
EOG091703GH	0.535	13	6	2	5
EOG091700N4	0.79	14	6	2	6
EOG0917013B	0.504	14	6	2	6
EOG0917013L	0.773	14	6	2	6
EOG0917013P	0.793	14	6	2	6
EOG091701DV	0.728	14	6	2	6
EOG091705HI	0.51	14	6	2	6
EOG091702Y9	0.604	14	6	2	6
EOG0917030I	0.715	14	6	2	6
EOG091703EO	0.752	14	6	2	6
EOG091703EG	0.577	14	6	2	6
EOG091700LK	0.76	14	6	2	6
EOG091705AI	0.553	14	6	2	6
EOG091700B1	0.61	14	6	2	6
EOG091700BF	0.629	14	6	2	6
EOG091700BS	0.564	14	6	2	6
EOG091700BV	0.589	14	6	2	6
EOG0917053H	0.589	14	6	2	6
EOG091701BP	0.612	14	6	2	6
EOG091704D8	0.628	14	6	2	6
EOG091706EG	0.659	13	5	2	6
EOG091708U6	0.55	13	6	2	5
EOG091700F2	0.627	14	6	2	6
EOG091700F1	0.749	14	6	2	6
EOG091702AQ	0.536	14	6	2	6
EOG0917038G	0.767	14	6	2	6
EOG091706MY	0.624	14	6	2	6
EOG091700DV	0.502	14	6	2	6
EOG091700DB	0.645	14	6	2	6
EOG091700DH	0.66	14	6	2	6
EOG091705B3	0.787	14	6	2	6
EOG091702CM	0.64	14	6	2	6
EOG091703KN	0.729	14	6	2	6
EOG091700Y0	0.608	13	5	2	6
EOG091700YY	0.777	14	6	2	6
EOG091701US	0.751	14	6	2	6
EOG091701UZ	0.622	14	6	2	6
EOG091706GT	0.567	14	6	2	6
EOG0917002D	0.757	14	6	2	6
EOG09170027	0.649	14	6	2	6
EOG091705JY	0.643	14	6	2	6
EOG091703IW	0.784	14	6	2	6
EOG0917044Q	0.772	14	6	2	6
EOG091705FG	0.56	14	6	2	6
EOG091702OH	0.628	14	6	2	6
EOG091702O9	0.738	14	6	2	6
EOG091701Q9	0.774	14	6	2	6
EOG091701QS	0.588	14	6	2	6
EOG0917027N	0.724	14	6	2	6
EOG091704ZB	0.511	14	6	2	6
EOG091704J5	0.555	13	6	2	5
EOG09170064	0.765	14	6	2	6
EOG0917006X	0.654	14	6	2	6
EOG091702I7	0.747	14	6	2	6
EOG091700SF	0.734	14	6	2	6
EOG091700SL	0.509	13	6	1	6
EOG091701S1	0.642	14	6	2	6
EOG0917021C	0.681	14	6	2	6
EOG0917021U	0.739	14	6	2	6
EOG0917045O	0.749	14	6	2	6
EOG091702VN	0.52	14	6	2	6
EOG091703PR	0.52	11	5	2	4
EOG0917004L	0.562	14	6	2	6
EOG0917004S	0.595	14	6	2	6
EOG091700Q9	0.931	14	6	2	6
EOG0917018Q	0.558	14	6	2	6
EOG091701MU	0.654	14	6	2	6
EOG091705QZ	0.677	14	6	2	6
EOG091702PM	0.677	14	6	2	6
EOG091702P1	0.595	14	6	2	6
EOG091700W1	0.745	14	6	2	6
EOG091700W3	0.682	14	6	2	6
EOG091701OX	0.521	14	6	2	6
EOG091701OO	0.743	14	6	2	6
EOG091701OG	0.575	14	6	2	6
EOG091705SV	0.599	13	5	2	6
EOG091702RU	0.801	14	6	2	6
EOG091702RJ	0.508	14	6	2	6
EOG091704TX	0.588	14	6	2	6
EOG091705N2	0.797	14	6	2	6
EOG091705N8	0.5	14	6	2	6
EOG09170371	0.708	14	6	2	6
EOG091700UK	0.51	14	6	2	6
EOG091700UR	0.755	14	6	2	6
EOG0917041U	0.702	14	6	2	6
EOG0917014T	0.636	14	6	2	6
EOG0917035J	0.666	14	6	2	6
EOG0917035P	0.553	14	6	2	6
EOG091700KA	0.576	14	6	2	6
EOG091701KL	0.749	14	6	2	6
EOG091701K3	0.739	14	6	2	6
EOG0917029R	0.544	14	6	2	6
EOG091705WW	0.502	14	6	2	6
EOG091704PJ	0.597	13	5	2	6
EOG09170333	0.864	14	6	2	6
EOG091709VL	0.526	14	6	2	6
EOG0917033I	0.514	14	6	2	6
EOG091700IF	0.762	14	6	2	6
EOG0917010N	0.563	14	6	2	6
EOG0917010U	0.514	14	6	2	6
EOG091705YB	0.735	14	6	2	6
EOG09170311	0.568	14	6	2	6
EOG0917031L	0.562	14	6	2	6
EOG091700OY	0.759	14	6	2	6
EOG091701GU	0.689	14	6	2	6
EOG091702Z6	0.535	14	6	2	6
