EOG091700M5	0.73	14	6	2	6
EOG091701A7	0.216	12	6	2	4
EOG091704IN	0.642	14	6	2	6
EOG091704IH	0.209	13	6	1	6
EOG09170507	0.277	13	6	2	5
EOG091705DM	0.27	14	6	2	6
EOG091703BE	0.206	13	5	2	6
EOG091706SV	0.248	8	2	2	4
EOG091706PQ	0.559	14	6	2	6
EOG091706SO	0.289	10	4	2	4
EOG091707NX	0.2	5	3	1	1
EOG091707FH	0.626	14	6	2	6
EOG091700C1	0.525	14	6	2	6
EOG091701CU	0.322	14	6	2	6
EOG091701C6	0.73	14	6	2	6
EOG091706S6	0.291	14	6	2	6
EOG091704GP	0.32	9	3	2	4
EOG09170BB2	0.55	8	4	1	3
EOG091702FK	0.425	13	5	2	6
EOG091706NF	0.253	9	4	2	3
EOG091708T2	0.228	12	5	2	5
EOG091700AT	0.274	14	6	2	6
EOG091700AK	0.224	13	6	2	5
EOG091700AG	0.233	14	6	2	6
EOG091700A2	0.868	14	6	2	6
EOG091706WQ	0.249	5	1	2	2
EOG091706W7	0.206	7	3	1	3
EOG0917085V	0.213	12	6	1	5
EOG091705A3	0.26	8	2	2	4
EOG09170099	0.246	14	6	2	6
EOG0917009H	0.257	13	5	2	6
EOG091705AG	0.258	13	5	2	6
EOG0917039R	0.203	14	6	2	6
EOG091703NC	0.258	14	6	2	6
EOG091703NX	0.38	14	6	2	6
EOG09170795	0.28	7	3	2	2
EOG091707BJ	0.215	12	5	2	5
EOG091707B3	0.756	14	6	2	6
EOG091700G9	0.637	14	6	2	6
EOG091704CB	0.48	14	6	2	6
EOG091705CK	0.242	4	1	2	1
EOG09170AL1	0.247	9	5	1	3
EOG091705GO	0.203	14	6	2	6
EOG091702BT	0.22	14	6	2	6
EOG091700X9	0.325	13	5	2	6
EOG091703L3	0.492	14	6	2	6
EOG091701Z7	0.212	14	6	2	6
EOG091706AG	0.207	7	2	1	4
EOG091704A5	0.255	14	6	2	6
EOG09170BHD	0.446	10	5	1	4
EOG091703WY	0.787	13	6	1	6
EOG091708CB	0.22	6	2	2	2
EOG091708CC	0.288	14	6	2	6
EOG091701T0	0.33	14	6	2	6
EOG091701T2	0.735	13	5	2	6
EOG091708DM	0.314	4	2	1	1
EOG0917014C	0.237	13	5	2	6
EOG091702NF	0.607	14	6	2	6
EOG091706BY	0.297	14	6	2	6
EOG091707DP	0.284	12	5	1	6
EOG0917026V	0.808	14	6	2	6
EOG0917001M	0.239	14	6	2	6
EOG0917001V	0.365	14	6	2	6
EOG091703H3	0.525	12	5	2	5
EOG09170012	0.862	14	6	2	6
EOG091708AX	0.204	14	6	2	6
EOG091709M1	0.337	7	4	1	2
EOG09170ALD	0.613	9	5	1	3
EOG091700R9	0.765	13	6	2	5
EOG091706UJ	0.212	4	2	1	1
EOG0917020Z	0.478	14	6	2	6
EOG091702UY	0.629	10	4	2	4
EOG091702UP	0.203	13	6	1	6
EOG09170078	0.313	14	6	2	6
EOG0917069S	0.273	10	3	1	6
EOG091703QZ	0.318	13	6	1	6
EOG091704LM	0.848	13	6	1	6
EOG091702JO	0.564	13	5	2	6
EOG091700P0	0.631	14	6	2	6
EOG091706F8	0.86	13	6	1	6
EOG0917022I	0.233	14	6	2	6
EOG091708WL	0.206	5	1	2	2
EOG0917005N	0.253	14	6	2	6
EOG09170AH0	0.213	7	3	1	3
EOG091701LB	0.413	14	6	2	6
EOG0917042B	0.256	14	6	2	6
EOG0917088S	0.912	14	6	2	6
EOG09170AHG	0.325	13	5	2	6
EOG091705OF	0.27	13	5	2	6
EOG0917093J	0.355	7	2	1	4
EOG091708KB	0.265	13	6	2	5
EOG091707RV	0.232	13	5	2	6
EOG091705IM	0.305	10	4	2	4
EOG091700TE	0.323	14	6	2	6
EOG0917075I	0.656	11	4	2	5
EOG09170DTC	0.26	3	0	1	2
EOG0917036F	0.431	14	6	2	6
EOG091708IM	0.251	6	2	2	2
EOG091708AI	0.849	14	6	2	6
EOG09170ADD	0.234	13	6	1	6
EOG091700JU	0.517	14	6	2	6
EOG091701HC	0.417	10	5	2	3
EOG091704NV	0.227	7	2	1	4
EOG0917073W	0.353	12	6	1	5
EOG0917028U	0.242	14	6	2	6
EOG0917082X	0.379	13	6	2	5
EOG0917034H	0.738	14	6	2	6
EOG091703YT	0.26	5	1	2	2
EOG091707QM	0.256	6	2	2	2
EOG09170ELS	0.684	2	0	1	1
EOG0917011H	0.548	14	6	2	6
EOG091701JN	0.868	14	6	2	6
EOG091705VO	0.343	11	5	2	4
EOG091704OH	0.865	14	6	2	6
EOG0917080Z	0.217	9	4	1	4
EOG091704QR	0.363	13	6	1	6
EOG0917032I	0.72	13	6	1	6
EOG09170631	0.231	13	6	1	6
EOG091703GC	0.316	13	5	2	6
EOG09170A17	0.327	12	5	1	6
EOG091701DK	0.318	14	6	2	6
EOG091705XP	0.248	13	6	1	6
EOG091705XY	0.252	6	2	1	3
EOG091705X5	0.275	12	5	2	5
EOG091705X9	0.6	12	4	2	6
EOG091707ZR	0.202	14	6	2	6
EOG0917064V	0.405	4	1	2	1
EOG09170BEC	0.239	7	2	1	4
EOG091702Y6	0.82	14	6	2	6
EOG091703E9	0.32	13	6	1	6
EOG0917030D	0.209	12	6	2	4
EOG091703EX	0.866	14	6	2	6
EOG091705ZE	0.21	4	2	1	1
EOG091705Z7	0.314	11	5	2	4
EOG0917051X	0.216	14	6	2	6
EOG091703CG	0.766	14	6	2	6
EOG091708LK	0.206	6	2	1	3
EOG091707O8	0.245	14	6	2	6
EOG091707OB	0.371	14	6	2	6
EOG091700B5	0.375	14	6	2	6
EOG091700BR	0.37	14	6	2	6
EOG09170DW8	0.681	2	0	1	1
EOG091706YO	0.266	6	3	1	2
EOG091702EK	0.287	10	5	1	4
EOG09170BAS	0.37	3	0	1	2
EOG0917062Q	0.557	12	5	1	6
EOG091701BQ	0.215	5	1	2	2
EOG091701BZ	0.263	14	6	2	6
EOG091701BC	0.33	14	6	2	6
EOG091706EN	0.63	10	4	2	4
EOG09170084	0.438	12	5	2	5
EOG09170082	0.405	14	6	2	6
EOG09170CK9	0.212	4	0	2	2
EOG091701Y8	0.293	12	5	1	6
EOG0917039A	0.713	13	6	1	6
EOG091707CW	0.255	14	6	2	6
EOG091707CV	0.245	13	5	2	6
EOG091701XI	0.608	14	6	2	6
EOG091701XW	0.356	14	6	2	6
EOG091700FD	0.889	14	6	2	6
EOG091704BH	0.253	13	5	2	6
EOG091708Z0	0.266	13	6	1	6
EOG091704B6	0.352	14	6	2	6
EOG09170572	0.509	14	6	2	6
EOG091701X5	0.402	8	2	2	4
EOG091709D4	0.819	13	6	2	5
EOG091702AT	0.359	14	6	2	6
EOG091702AA	0.532	14	6	2	6
EOG091703MT	0.7	14	6	2	6
EOG0917038B	0.437	14	6	2	6
EOG0917038Z	0.226	14	6	2	6
EOG091700DS	0.51	14	6	2	6
EOG091700DY	0.322	14	6	2	6
EOG0917063P	0.771	14	6	2	6
EOG0917059K	0.219	13	6	1	6
EOG091709FH	0.243	4	1	2	1
EOG091702CS	0.247	7	2	2	3
EOG091708MZ	0.226	7	4	1	2
EOG091700YD	0.605	13	5	2	6
EOG091700YE	0.447	14	6	2	6
EOG091703K6	0.485	14	6	2	6
EOG091701U4	0.56	14	6	2	6
EOG091701UR	0.669	14	6	2	6
EOG091707G1	0.27	4	2	1	1
EOG091707GI	0.233	7	2	1	4
EOG091706GK	0.289	14	6	2	6
EOG091706C4	0.446	14	6	2	6
EOG0917002N	0.541	14	6	2	6
EOG091703VQ	0.237	14	6	2	6
EOG091707XG	0.338	14	6	2	6
EOG09170BV4	0.355	3	1	1	1
EOG09170BIE	0.59	11	5	1	5
EOG091702MB	0.248	5	1	2	2
EOG091707K1	0.206	4	1	1	2
EOG091707K7	0.839	12	6	1	5
EOG091708MN	0.215	4	1	1	2
EOG0917044T	0.372	14	6	2	6
EOG091703I0	0.587	14	6	2	6
EOG091701WE	0.222	6	2	2	2
EOG0917025K	0.453	14	6	2	6
EOG0917025N	0.555	14	6	2	6
EOG09170AVE	0.71	10	4	1	5
EOG09170BTL	0.646	13	6	2	5
EOG091703TF	0.387	14	6	2	6
EOG091705F4	0.472	9	3	2	4
EOG091705FU	0.469	13	6	1	6
EOG09170B3M	0.242	7	2	1	4
EOG091702O5	0.412	12	4	2	6
EOG091706MQ	0.259	5	1	1	3
EOG0917049P	0.303	14	6	2	6
EOG091704ZQ	0.239	14	6	2	6
EOG091704ZF	0.598	14	6	2	6
EOG091704ZN	0.211	13	5	2	6
EOG09170BJX	0.264	4	0	1	3
EOG091702T3	0.237	12	5	2	5
EOG091703RA	0.239	14	6	2	6
EOG0917006E	0.802	14	6	2	6
EOG091703R3	0.363	14	6	2	6
EOG0917068P	0.212	6	3	1	2
EOG0917068W	0.365	12	5	1	6
EOG091702IJ	0.2	14	6	2	6
EOG091701SU	0.231	14	6	2	6
EOG091705MC	0.621	14	6	2	6
EOG09170ARO	0.263	13	6	1	6
EOG091703PF	0.676	14	6	2	6
EOG09170043	0.208	14	6	2	6
EOG0917004T	0.332	13	5	2	6
EOG09170BWC	0.43	7	2	1	4
EOG091702KO	0.664	14	6	2	6
EOG091700QC	0.777	14	6	2	6
EOG0917018V	0.273	14	6	2	6
EOG09170188	0.251	14	6	2	6
EOG091701MY	0.628	14	6	2	6
EOG09170236	0.754	14	6	2	6
EOG091705QH	0.304	7	4	1	2
EOG091702PG	0.336	9	4	2	3
EOG091709H4	0.244	14	6	2	6
EOG091700WG	0.325	14	6	2	6
EOG0917043L	0.627	6	0	2	4
EOG0917043M	0.355	14	6	2	6
EOG0917065I	0.244	13	6	1	6
EOG091704T2	0.832	12	6	2	4
EOG091705N7	0.541	14	6	2	6
EOG091705N9	0.286	14	6	2	6
EOG091704KU	0.424	13	5	2	6
EOG091700U0	0.209	14	6	2	6
EOG091700UU	0.277	14	6	2	6
EOG091706XD	0.213	9	3	2	4
EOG0917041F	0.221	5	2	2	1
EOG091705UR	0.824	14	6	2	6
EOG091704RQ	0.627	10	3	2	5
EOG0917045R	0.608	11	4	1	6
EOG091703ZP	0.738	14	6	2	6
EOG091708YK	0.253	6	2	1	3
EOG0917029N	0.266	13	5	2	6
EOG0917029J	0.201	14	6	2	6
EOG0917029V	0.787	10	4	2	4
EOG09170163	0.677	14	6	2	6
EOG091704PU	0.25	14	6	2	6
EOG091704PE	0.362	14	6	2	6
EOG091703X5	0.2	14	6	2	6
EOG091706VM	0.357	13	6	1	6
EOG09170339	0.299	12	5	1	6
EOG09170338	0.291	13	6	1	6
EOG0917033M	0.291	12	6	1	5
EOG091701EK	0.231	14	6	2	6
EOG091701EL	0.839	14	6	2	6
EOG091701EQ	0.57	12	5	2	5
EOG09170105	0.389	14	6	2	6
EOG0917010B	0.231	14	6	2	6
EOG0917010X	0.25	14	6	2	6
EOG09170A3H	0.239	8	4	1	3
EOG09170816	0.228	13	5	2	6
EOG091706RS	0.246	13	6	1	6
EOG0917031E	0.437	14	6	2	6
EOG091700O6	0.636	13	5	2	6
EOG091700OG	0.751	14	6	2	6
EOG091701GK	0.294	14	6	2	6
EOG091701GP	0.721	14	6	2	6
EOG091701G5	0.911	14	6	2	6
EOG091701G6	0.28	14	6	2	6
EOG091701G8	0.626	14	6	2	6
EOG09170129	0.208	13	6	1	6
EOG0917087T	0.212	13	5	2	6
EOG0917087X	0.251	6	2	2	2
EOG0917078F	0.333	14	6	2	6
EOG091703D5	0.422	14	6	2	6
EOG091706YC	0.223	4	1	1	2
EOG091709RC	0.298	14	6	2	6
