EOG091706ZF	0.215	7	3	1	3
EOG091701AK	0.742	14	6	2	6
EOG091701AG	0.532	12	5	2	5
EOG09170ATZ	0.394	13	6	1	6
EOG0917097J	0.474	14	6	2	6
EOG091704IP	0.288	13	6	1	6
EOG091704IO	0.745	8	3	2	3
EOG091704IB	0.829	13	6	1	6
EOG0917050Y	0.585	13	5	2	6
EOG0917085Z	0.743	11	5	1	5
EOG0917050S	0.286	5	2	1	2
EOG091705DV	0.246	11	5	1	5
EOG091708ZY	0.798	11	5	1	5
EOG091705DF	0.291	14	6	2	6
EOG091705D4	0.654	14	6	2	6
EOG091702DJ	0.326	14	6	2	6
EOG091702DH	0.203	13	6	1	6
EOG091702DE	0.335	13	5	2	6
EOG091708V9	0.208	6	3	1	2
EOG091706HK	0.386	14	6	2	6
EOG091706HW	0.715	14	6	2	6
EOG091706H7	0.619	11	5	2	4
EOG091707NE	0.409	12	5	1	6
EOG091707NJ	0.591	11	5	2	4
EOG091707NY	0.2	13	6	1	6
EOG091707N0	0.215	12	5	1	6
EOG091700CG	0.609	14	6	2	6
EOG091700CY	0.765	14	6	2	6
EOG091709KP	0.664	14	6	2	6
EOG091708BV	0.234	7	3	1	3
EOG091700C1	0.544	14	6	2	6
EOG091701CR	0.233	14	6	2	6
EOG091701CC	0.226	14	6	2	6
EOG091701CK	0.253	14	6	2	6
EOG091701C6	0.721	14	6	2	6
EOG091704GY	0.794	14	6	2	6
EOG0917052E	0.371	14	6	2	6
EOG0917052O	0.788	14	6	2	6
EOG091706X1	0.265	13	6	2	5
EOG091708B5	0.765	14	6	2	6
EOG091702F8	0.481	14	6	2	6
EOG091706JO	0.512	14	6	2	6
EOG091708TX	0.781	14	6	2	6
EOG091707LN	0.898	14	6	2	6
EOG091707L9	0.485	14	6	2	6
EOG091707L3	0.701	14	6	2	6
EOG091700AD	0.371	14	6	2	6
EOG091700A6	0.462	14	6	2	6
EOG091704EL	0.862	14	6	2	6
EOG091704EE	0.279	14	6	2	6
EOG091705JB	0.234	8	4	1	3
EOG0917054T	0.248	14	6	2	6
EOG091705AY	0.566	11	4	1	6
EOG0917009E	0.355	14	6	2	6
EOG0917009L	0.421	14	6	2	6
EOG09170402	0.27	14	6	2	6
EOG09170155	0.255	14	6	2	6
EOG091709E8	0.333	13	6	1	6
EOG091701XF	0.805	13	5	2	6
EOG091701XG	0.547	13	5	2	6
EOG0917039L	0.851	14	6	2	6
EOG0917039N	0.359	14	6	2	6
EOG0917039W	0.25	14	6	2	6
EOG091703NH	0.573	14	6	2	6
EOG091703NQ	0.534	11	6	2	3
EOG091703NY	0.868	14	6	2	6
EOG091704LL	0.913	14	6	2	6
EOG0917097Q	0.261	13	5	2	6
EOG091700GR	0.555	14	6	2	6
EOG091703IJ	0.309	14	6	2	6
EOG091700G6	0.778	14	6	2	6
EOG091706DW	0.307	14	6	2	6
EOG091705C7	0.758	14	6	2	6
EOG0917056D	0.506	14	6	2	6
EOG091705CY	0.231	14	6	2	6
EOG09170BNX	0.224	6	2	2	2
EOG09170BNG	0.205	8	4	1	3
EOG09170BNK	0.289	4	2	1	1
EOG09170957	0.395	11	5	1	5
EOG09170748	0.534	14	6	2	6
EOG091700XO	0.848	14	6	2	6
EOG091700XE	0.469	14	6	2	6
EOG091702B8	0.549	14	6	2	6
EOG091702BN	0.847	10	5	1	4
EOG091702BE	0.53	14	6	2	6
EOG091701ZI	0.9	14	6	2	6
EOG091703L3	0.582	14	6	2	6
EOG091703LJ	0.749	14	6	2	6
EOG091703LN	0.674	14	6	2	6
EOG091703LM	0.685	14	6	2	6
EOG091701Z1	0.87	14	6	2	6
EOG091709ZY	0.744	14	6	2	6
EOG091700ED	0.855	14	6	2	6
EOG091700EB	0.68	14	6	2	6
EOG091706D4	0.219	13	5	2	6
EOG091704AT	0.688	10	3	2	5
EOG091705E1	0.775	14	6	2	6
EOG091705ED	0.378	14	6	2	6
EOG091703WI	0.561	14	6	2	6
EOG091708CN	0.836	13	6	1	6
EOG091708CS	0.907	14	6	2	6
EOG091702L7	0.243	13	6	1	6
EOG091702LF	0.519	13	6	1	6
EOG091702LI	0.686	14	6	2	6
EOG091702LU	0.665	14	6	2	6
EOG091703JK	0.406	12	5	1	6
EOG091701T6	0.326	14	6	2	6
EOG0917024S	0.48	14	6	2	6
EOG0917024Q	0.706	14	6	2	6
EOG091708DM	0.294	4	2	1	1
EOG09170B5E	0.624	10	5	1	4
EOG091705GS	0.374	14	6	2	6
EOG0917014I	0.864	14	6	2	6
EOG0917003Z	0.78	14	6	2	6
EOG0917003G	0.813	14	6	2	6
EOG09170146	0.591	14	6	2	6
EOG091703U5	0.636	14	6	2	6
EOG091703UN	0.916	14	6	2	6
EOG091709CP	0.234	14	6	2	6
EOG091702N5	0.896	14	6	2	6
EOG091702N1	0.762	14	6	2	6
EOG091702NF	0.619	14	6	2	6
EOG091702NK	0.265	14	6	2	6
EOG091701VO	0.391	14	6	2	6
EOG091701VC	0.456	14	6	2	6
EOG091703HP	0.589	13	6	1	6
EOG091703HG	0.502	13	5	2	6
EOG091703HI	0.894	14	6	2	6
EOG091706B6	0.254	13	5	2	6
EOG09170488	0.278	14	6	2	6
EOG09170481	0.239	14	6	2	6
EOG0917026D	0.758	14	6	2	6
EOG0917026Y	0.812	14	6	2	6
EOG091707D7	0.213	7	3	2	2
EOG0917048W	0.463	14	6	2	6
EOG09170AQ3	0.382	8	4	2	2
EOG091708IN	0.521	13	5	2	6
EOG091708FZ	0.872	12	5	2	5
EOG0917001K	0.782	14	6	2	6
EOG091706LK	0.633	13	5	2	6
EOG091703H5	0.327	14	6	2	6
EOG091705I2	0.553	12	5	2	5
EOG09170019	0.314	14	6	2	6
EOG09170013	0.455	14	6	2	6
EOG091701VD	0.873	13	6	1	6
EOG091703SJ	0.223	10	4	2	4
EOG091709M0	0.494	13	6	1	6
EOG091700RQ	0.492	14	6	2	6
EOG091700RW	0.85	13	5	2	6
EOG091703HN	0.912	14	6	2	6
EOG091702HV	0.421	14	6	2	6
EOG091702HR	0.235	14	6	2	6
EOG091700R9	0.214	13	6	2	5
EOG091701PO	0.697	13	6	1	6
EOG091701PU	0.4	14	6	2	6
EOG091701PW	0.421	14	6	2	6
EOG09170C1T	0.485	7	4	1	2
EOG0917020E	0.641	13	5	2	6
EOG0917020L	0.273	14	6	2	6
EOG0917020U	0.896	14	6	2	6
EOG091707Z8	0.226	13	5	2	6
EOG0917046Q	0.73	10	5	2	3
EOG091707DG	0.847	13	6	1	6
EOG091707DC	0.553	13	6	1	6
EOG091707DH	0.235	13	6	2	5
EOG09170B1N	0.575	3	1	1	1
EOG0917007L	0.216	14	6	2	6
EOG0917007D	0.819	14	6	2	6
EOG091702U2	0.8	14	6	2	6
EOG091702UI	0.22	14	6	2	6
EOG091702UB	0.24	13	6	1	6
EOG09170075	0.701	14	6	2	6
EOG09170076	0.335	14	6	2	6
EOG0917069Y	0.875	14	6	2	6
EOG0917069R	0.498	14	6	2	6
EOG091708G5	0.649	13	6	1	6
EOG091708G9	0.719	12	5	1	6
EOG091708GA	0.855	12	6	2	4
EOG091703QN	0.891	13	6	2	5
EOG091703QB	0.717	14	6	2	6
EOG09170693	0.236	14	6	2	6
EOG091709OX	0.347	5	2	1	2
EOG091702JU	0.264	14	6	2	6
EOG091700P2	0.766	14	6	2	6
EOG091701RE	0.284	14	6	2	6
EOG091701RJ	0.539	13	6	1	6
EOG091701RK	0.518	14	6	2	6
EOG091701RX	0.813	13	6	2	5
EOG091701RY	0.222	14	6	2	6
EOG09170191	0.902	14	6	2	6
EOG0917022D	0.383	10	4	1	5
EOG09170221	0.551	8	3	2	3
EOG0917019E	0.264	13	5	2	6
EOG0917019C	0.585	14	6	2	6
EOG0917019S	0.548	14	6	2	6
EOG09170B3V	0.271	11	5	2	4
EOG091704YE	0.9	14	6	2	6
EOG091704YQ	0.631	14	6	2	6
EOG091704Y6	0.229	6	4	1	1
EOG0917005T	0.31	14	6	2	6
EOG091705ME	0.323	14	6	2	6
EOG091705MB	0.608	14	6	2	6
EOG091702W1	0.855	14	6	2	6
EOG091702WA	0.902	14	6	2	6
EOG091702WX	0.608	14	6	2	6
EOG09170050	0.48	14	6	2	6
EOG091704NL	0.854	12	5	1	6
EOG091709I0	0.423	14	6	2	6
EOG09170AHF	0.379	13	6	1	6
EOG091700VL	0.832	14	6	2	6
EOG091700VB	0.501	14	6	2	6
EOG091700VV	0.445	14	6	2	6
EOG0917042T	0.576	14	6	2	6
EOG0917042N	0.876	14	6	2	6
EOG091705PD	0.811	14	6	2	6
EOG091705PU	0.335	13	6	1	6
EOG091704N6	0.594	12	6	2	4
EOG091706L2	0.314	14	6	2	6
EOG0917088R	0.38	13	6	1	6
EOG091704W0	0.882	14	6	2	6
EOG091705OZ	0.208	7	3	2	2
EOG091702Q5	0.507	14	6	2	6
EOG091702QW	0.378	14	6	2	6
EOG091705O7	0.633	14	6	2	6
EOG091708KA	0.21	12	5	1	6
EOG091708KF	0.463	14	6	2	6
EOG091707RZ	0.329	14	6	2	6
EOG09170BRG	0.223	5	1	1	3
EOG091700TA	0.777	14	6	2	6
EOG091700TE	0.517	14	6	2	6
EOG091700TM	0.494	14	6	2	6
EOG091700TL	0.298	14	6	2	6
EOG091701NG	0.838	14	6	2	6
EOG09170612	0.357	13	5	2	6
EOG09170153	0.72	14	6	2	6
EOG0917015R	0.661	13	5	2	6
EOG091705R3	0.333	14	6	2	6
EOG091705R5	0.652	9	3	1	5
EOG091705I8	0.8	14	6	2	6
EOG09170A4Q	0.392	4	2	1	1
EOG091704UR	0.238	14	6	2	6
EOG091704UO	0.782	14	6	2	6
EOG091704UF	0.321	14	6	2	6
EOG091704U5	0.767	14	6	2	6
EOG091702SX	0.883	14	6	2	6
EOG091702SK	0.904	14	6	2	6
EOG091702SA	0.813	14	6	2	6
EOG091706VB	0.571	11	5	2	4
EOG09170ADK	0.303	13	5	2	6
EOG091700JV	0.87	14	6	2	6
EOG091700JK	0.758	13	6	2	5
EOG091700JC	0.926	14	6	2	6
EOG091700JB	0.389	13	5	2	6
EOG09170AD3	0.468	13	6	1	6
EOG091701HE	0.925	14	6	2	6
EOG091701HL	0.331	11	4	2	5
EOG091701H5	0.206	14	6	2	6
EOG0917073E	0.245	13	6	1	6
EOG0917073Z	0.226	12	6	1	5
EOG0917017D	0.275	14	6	2	6
EOG0917017M	0.788	14	6	2	6
EOG091705TI	0.228	10	5	2	3
EOG091705TK	0.203	14	6	2	6
EOG09170289	0.667	14	6	2	6
EOG09170283	0.896	14	6	2	6
EOG091704S4	0.248	13	5	2	6
EOG0917034L	0.87	13	6	1	6
EOG0917034P	0.254	13	6	1	6
EOG091700RB	0.248	14	6	2	6
EOG091708PW	0.867	14	6	2	6
EOG091700H2	0.833	14	6	2	6
EOG091702H6	0.457	14	6	2	6
EOG0917011G	0.323	14	6	2	6
EOG0917011E	0.763	14	6	2	6
EOG091704LB	0.203	14	6	2	6
EOG091705VX	0.775	13	6	1	6
EOG091705VP	0.247	14	6	2	6
EOG091705VG	0.366	5	2	1	2
EOG091707PX	0.204	13	6	1	6
EOG091707PH	0.357	4	2	1	1
EOG091704O5	0.773	14	6	2	6
EOG09170614	0.605	7	4	1	2
EOG091704QI	0.706	14	6	2	6
EOG091704OV	0.757	14	6	2	6
EOG0917074J	0.302	13	6	2	5
EOG091704Q0	0.858	14	6	2	6
EOG091706DA	0.498	14	6	2	6
EOG09170322	0.26	4	2	1	1
EOG09170329	0.757	13	5	2	6
EOG091703GS	0.381	13	5	2	6
EOG091709Q7	0.542	7	3	2	2
EOG091709QQ	0.286	13	6	1	6
EOG091706D7	0.876	14	6	2	6
EOG091700NZ	0.667	13	5	2	6
EOG091707KU	0.23	5	1	2	2
EOG091707KT	0.877	14	6	2	6
EOG0917013V	0.9	14	6	2	6
EOG0917013Z	0.865	14	6	2	6
EOG091701DF	0.365	12	5	1	6
EOG091701DU	0.579	14	6	2	6
EOG09170A2R	0.321	4	2	1	1
EOG09170A2N	0.275	13	5	2	6
EOG091705HG	0.435	13	5	2	6
EOG09170BE0	0.452	11	5	1	5
EOG09170BE6	0.269	5	2	1	2
EOG09170BEJ	0.255	8	4	1	3
EOG091705HL	0.516	12	5	1	6
EOG091705HX	0.221	14	6	2	6
EOG091702Y8	0.649	14	6	2	6
EOG091702Y9	0.677	14	6	2	6
EOG091702Y4	0.204	12	5	2	5
EOG091708UH	0.567	14	6	2	6
EOG091708UF	0.747	14	6	2	6
EOG091702YA	0.233	14	6	2	6
EOG09170304	0.607	11	4	1	6
EOG09170ABL	0.202	14	6	2	6
EOG091700L1	0.802	14	6	2	6
EOG091700LB	0.22	14	6	2	6
EOG091700LY	0.891	14	6	2	6
EOG091700LQ	0.317	14	6	2	6
EOG091700LT	0.304	14	6	2	6
EOG091704HY	0.888	12	6	1	5
EOG091701F9	0.636	13	5	2	6
EOG091704H8	0.369	13	6	2	5
EOG0917051A	0.308	13	5	2	6
EOG091706K5	0.833	12	4	2	6
EOG0917089D	0.286	13	6	1	6
EOG091706KA	0.704	9	4	2	3
EOG091703C2	0.751	14	6	2	6
EOG091706KU	0.236	7	3	1	3
EOG091704LH	0.312	13	6	2	5
EOG0917067D	0.413	14	6	2	6
EOG0917067B	0.858	14	6	2	6
EOG091708LI	0.217	14	6	2	6
EOG091700BS	0.7	14	6	2	6
EOG091707C6	0.734	10	4	2	4
EOG091704L2	0.592	14	6	2	6
EOG0917094O	0.558	12	5	2	5
EOG09170534	0.212	8	2	2	4
EOG09170BAX	0.478	12	5	1	6
EOG0917084D	0.841	12	5	2	5
EOG091703AH	0.22	8	4	1	3
EOG091703AF	0.892	14	6	2	6
EOG091703A2	0.252	9	4	1	4
EOG091705KC	0.441	14	6	2	6
EOG091706I1	0.258	14	6	2	6
EOG0917062F	0.382	10	5	2	3
EOG091707M9	0.881	14	6	2	6
EOG0917084O	0.815	14	6	2	6
EOG091704DU	0.346	14	6	2	6
EOG091704DR	0.483	12	5	1	6
EOG091704DG	0.585	9	3	1	5
EOG091704DN	0.246	6	2	1	3
EOG091701BC	0.695	14	6	2	6
EOG091701BK	0.237	14	6	2	6
EOG091704D7	0.272	12	6	2	4
EOG0917092T	0.216	6	4	2	0
EOG0917008J	0.672	14	6	2	6
EOG0917008P	0.879	14	6	2	6
EOG09170084	0.23	12	5	2	5
EOG091706ET	0.841	13	6	1	6
EOG0917055E	0.766	13	6	2	5
EOG0917055N	0.863	14	6	2	6
EOG091702G1	0.27	14	6	2	6
EOG091702GU	0.742	14	6	2	6
EOG091702GN	0.218	14	6	2	6
EOG091703OC	0.814	14	6	2	6
EOG091703OD	0.568	10	4	1	5
EOG091703OL	0.903	14	6	2	6
EOG091703OW	0.892	14	6	2	6
EOG09170BVH	0.724	12	5	1	6
EOG091701Y9	0.594	14	6	2	6
EOG091701YB	0.81	14	6	2	6
EOG091701YI	0.248	14	6	2	6
EOG091701YQ	0.749	14	6	2	6
EOG0917039C	0.909	14	6	2	6
EOG0917039D	0.263	14	6	2	6
EOG091701XQ	0.56	14	6	2	6
EOG091700F6	0.674	14	6	2	6
EOG091700F3	0.871	14	6	2	6
EOG091700F0	0.802	14	6	2	6
EOG091700FU	0.849	14	6	2	6
EOG091700FN	0.491	13	6	1	6
EOG091700FE	0.373	14	6	2	6
EOG091704BV	0.82	14	6	2	6
EOG091704B9	0.234	4	2	1	1
EOG0917071D	0.567	13	6	2	5
EOG09170717	0.213	13	6	1	6
EOG09170716	0.812	14	6	2	6
EOG09170AAQ	0.501	11	5	1	5
EOG0917057U	0.902	14	6	2	6
EOG09170BM3	0.264	5	2	1	2
EOG091701X6	0.221	13	6	1	6
EOG09170392	0.506	7	3	1	3
EOG09170BMX	0.226	9	4	1	4
EOG091702A4	0.456	13	6	1	6
EOG091702A8	0.937	14	6	2	6
EOG091702AV	0.703	12	4	2	6
EOG091702AO	0.869	14	6	2	6
EOG091703MB	0.529	14	6	2	6
EOG091703MT	0.502	14	6	2	6
EOG091703MX	0.311	14	6	2	6
EOG091705IX	0.213	14	6	2	6
EOG0917038J	0.242	13	6	2	5
EOG091707A4	0.854	14	6	2	6
EOG091700D2	0.566	14	6	2	6
EOG091700D5	0.663	11	3	2	6
EOG091700DW	0.409	14	6	2	6
EOG091700DK	0.367	14	6	2	6
EOG091705BN	0.884	14	6	2	6
EOG091705B4	0.896	14	6	2	6
EOG09170599	0.728	9	3	2	4
EOG09170598	0.25	12	5	2	5
EOG0917059N	0.308	6	4	1	1
EOG091704MW	0.852	14	6	2	6
EOG09170BOG	0.287	4	3	1	0
EOG091702CV	0.914	14	6	2	6
EOG091702CU	0.635	14	6	2	6
EOG091706FJ	0.331	13	6	1	6
EOG091703KL	0.656	13	6	1	6
EOG091703KH	0.337	14	6	2	6
EOG091703K2	0.848	14	6	2	6
EOG091706GG	0.81	13	6	2	5
EOG091701U2	0.228	13	5	2	6
EOG091701U1	0.274	14	6	2	6
EOG091701U0	0.873	14	6	2	6
EOG091706O0	0.839	13	5	2	6
EOG091706GD	0.219	13	6	1	6
EOG091706OV	0.281	14	6	2	6
EOG091706OP	0.334	14	6	2	6
EOG091701UO	0.512	13	6	2	5
EOG091706F5	0.746	13	6	1	6
EOG0917090J	0.236	12	6	2	4
EOG091707GS	0.443	14	6	2	6
EOG09170B4C	0.216	7	3	1	3
EOG0917002K	0.483	14	6	2	6
EOG0917002N	0.506	14	6	2	6
EOG091703VJ	0.411	14	6	2	6
EOG091703VN	0.734	14	6	2	6
EOG09170BV4	0.334	3	1	1	1
EOG091705JS	0.332	14	6	2	6
EOG091702MN	0.371	14	6	2	6
EOG0917019N	0.675	14	6	2	6
EOG091707FE	0.623	13	6	1	6
EOG091703IU	0.206	14	6	2	6
EOG091703IE	0.66	14	6	2	6
EOG0917044K	0.42	8	3	2	3
EOG091703IL	0.829	14	6	2	6
EOG0917044P	0.224	5	2	2	1
EOG091703I0	0.205	14	6	2	6
EOG091701W0	0.82	13	6	2	5
EOG091701WX	0.404	14	6	2	6
EOG091701WM	0.856	14	6	2	6
EOG09170BTK	0.254	6	2	1	3
EOG09170252	0.37	14	6	2	6
EOG09170AVY	0.676	4	2	1	1
EOG09170AVF	0.22	6	3	1	2
EOG0917000T	0.77	13	5	2	6
EOG0917000E	0.376	14	6	2	6
EOG0917000J	0.829	14	6	2	6
EOG09170706	0.907	14	6	2	6
EOG091703TC	0.81	14	6	2	6
EOG091703TD	0.208	13	5	2	6
EOG091703TM	0.306	14	6	2	6
EOG091703TU	0.22	14	6	2	6
EOG091703T1	0.886	14	6	2	6
EOG09170B3K	0.576	12	5	1	6
EOG091704JO	0.748	13	6	2	5
EOG0917049I	0.887	13	6	1	6
EOG0917049Y	0.575	14	6	2	6
EOG091708RY	0.872	13	5	2	6
EOG09170490	0.315	14	6	2	6
EOG091701QH	0.838	13	6	1	6
EOG091706CE	0.436	14	6	2	6
EOG091701QU	0.857	14	6	2	6
EOG0917027Q	0.823	14	6	2	6
EOG0917027T	0.635	13	6	1	6
EOG091704ZQ	0.331	14	6	2	6
EOG09170B0L	0.268	10	3	2	5
EOG091702T5	0.395	13	5	2	6
EOG091702T4	0.222	14	6	2	6
EOG091705H0	0.894	14	6	2	6
EOG091705H3	0.57	12	6	1	5
EOG091705H4	0.243	6	2	2	2
EOG09170068	0.774	14	6	2	6
EOG09170061	0.418	14	6	2	6
EOG0917006A	0.633	14	6	2	6
EOG091705HO	0.693	10	4	2	4
EOG0917006P	0.735	14	6	2	6
EOG091703R7	0.789	14	6	2	6
EOG091703R3	0.694	14	6	2	6
EOG09170689	0.841	11	4	2	5
EOG0917068U	0.768	14	6	2	6
EOG091702IS	0.437	14	6	2	6
EOG091702IC	0.805	8	4	2	2
EOG091702I3	0.835	13	6	1	6
EOG09170B0W	0.669	14	6	2	6
EOG091705MT	0.406	13	6	1	6
EOG09170470	0.631	13	6	2	5
EOG09170477	0.642	9	4	2	3
EOG091701SQ	0.364	13	6	2	5
EOG091701SR	0.688	14	6	2	6
EOG091701SU	0.208	14	6	2	6
EOG0917064O	0.223	11	5	2	4
EOG09170A9V	0.467	7	4	1	2
EOG09170AR2	0.27	5	3	1	1
EOG09170AZR	0.263	6	2	1	3
EOG0917018X	0.86	14	6	2	6
EOG09170866	0.217	14	6	2	6
EOG09170B2H	0.28	13	6	2	5
EOG091702VE	0.645	12	5	1	6
EOG091702VU	0.796	13	6	1	6
EOG091702VW	0.412	10	5	2	3
EOG091704XT	0.33	9	4	2	3
EOG091703PS	0.362	13	6	1	6
EOG091703PJ	0.596	14	6	2	6
EOG091703PB	0.304	14	6	2	6
EOG09170043	0.235	14	6	2	6
EOG0917004H	0.435	14	6	2	6
EOG0917004V	0.231	14	6	2	6
EOG0917004X	0.738	14	6	2	6
EOG091705JD	0.286	13	5	2	6
EOG091702KF	0.806	14	6	2	6
EOG091702K0	0.502	14	6	2	6
EOG091700QI	0.361	13	5	2	6
EOG091700QL	0.245	14	6	2	6
EOG091700QE	0.277	14	6	2	6
EOG091706G3	0.508	12	5	2	5
EOG09170457	0.599	14	6	2	6
EOG091701MT	0.901	14	6	2	6
EOG091701MI	0.756	14	6	2	6
EOG091706NP	0.707	13	6	2	5
EOG0917023X	0.397	14	6	2	6
EOG0917023M	0.611	7	2	1	4
EOG0917023E	0.907	14	6	2	6
EOG0917023A	0.917	14	6	2	6
EOG091705QA	0.873	13	6	1	6
EOG0917077Y	0.65	12	5	2	5
EOG091702PN	0.469	14	6	2	6
EOG091702PV	0.209	14	6	2	6
EOG091704V0	0.447	11	5	2	4
EOG091704V4	0.868	13	6	1	6
EOG09170775	0.207	14	6	2	6
EOG091704VL	0.767	11	6	1	4
EOG091704VR	0.91	14	6	2	6
EOG091702P7	0.857	14	6	2	6
EOG091705LU	0.537	14	6	2	6
EOG091706N0	0.368	10	5	2	3
EOG091706QT	0.5	13	6	1	6
EOG09170BQ6	0.243	5	2	1	2
EOG091709H5	0.264	14	6	2	6
EOG09170BQW	0.217	12	6	0	6
EOG091700W8	0.665	7	4	1	2
EOG091700WA	0.543	14	6	2	6
EOG091706Y8	0.459	12	6	1	5
EOG0917043V	0.846	13	5	2	6
EOG0917043M	0.326	14	6	2	6
EOG091701OG	0.906	14	6	2	6
EOG0917075O	0.516	14	6	2	6
EOG0917065I	0.407	13	6	1	6
EOG091705S6	0.887	13	6	1	6
EOG091705S1	0.422	9	3	2	4
EOG091702RX	0.621	14	6	2	6
EOG091702RV	0.265	10	5	2	3
EOG091704KD	0.475	13	6	1	6
EOG091708HN	0.203	13	5	2	6
EOG091705N5	0.406	8	4	2	2
EOG091705N9	0.288	14	6	2	6
EOG09170373	0.202	14	6	2	6
EOG09170375	0.407	14	6	2	6
EOG091709JI	0.288	5	1	1	3
EOG091709JV	0.696	14	6	2	6
EOG091700U2	0.212	14	6	2	6
EOG091700U0	0.278	14	6	2	6
EOG091708C2	0.232	14	6	2	6
EOG09170148	0.205	14	6	2	6
EOG091701IY	0.7	13	5	2	6
EOG091701IB	0.858	14	6	2	6
EOG091701IO	0.229	14	6	2	6
EOG091707S8	0.241	13	6	2	5
EOG091705U2	0.309	12	4	2	6
EOG091705UF	0.88	14	6	2	6
EOG091705UW	0.431	14	6	2	6
EOG091704RZ	0.338	14	6	2	6
EOG091704RX	0.908	14	6	2	6
EOG091704RV	0.224	14	6	2	6
EOG091704RG	0.654	14	6	2	6
EOG091704RE	0.696	13	5	2	6
EOG091704RB	0.395	14	6	2	6
EOG091703ZJ	0.414	14	6	2	6
EOG091703ZF	0.331	14	6	2	6
EOG091703ZQ	0.204	13	6	1	6
EOG091703ZS	0.226	14	6	2	6
EOG09170358	0.488	14	6	2	6
EOG09170357	0.7	13	6	1	6
EOG0917035N	0.908	14	6	2	6
EOG0917035Z	0.33	13	6	2	5
EOG091700K1	0.793	14	6	2	6
EOG091700K5	0.855	14	6	2	6
EOG09170C4Z	0.243	4	3	1	0
EOG091700KQ	0.21	14	6	2	6
EOG091701KO	0.786	14	6	2	6
EOG091701KR	0.445	14	6	2	6
EOG091701KU	0.864	12	6	2	4
EOG091701K5	0.883	14	6	2	6
EOG0917029N	0.251	13	5	2	6
EOG09170160	0.219	14	6	2	6
EOG091704OB	0.318	14	6	2	6
EOG0917016F	0.24	14	6	2	6
EOG09170A1L	0.204	12	6	1	5
EOG091705WL	0.318	13	5	2	6
EOG091708RG	0.777	12	5	2	5
EOG091703XT	0.833	11	4	2	5
EOG09170337	0.901	14	6	2	6
EOG09170336	0.366	14	6	2	6
EOG09170330	0.34	14	6	2	6
EOG091706AI	0.491	12	5	1	6
EOG0917033C	0.238	14	6	2	6
EOG09170AA0	0.209	7	3	1	3
EOG091700IZ	0.444	14	6	2	6
EOG091700IN	0.79	14	6	2	6
EOG091701ED	0.374	14	6	2	6
EOG091701EK	0.226	14	6	2	6
EOG091701EI	0.857	14	6	2	6
EOG091701ER	0.798	14	6	2	6
EOG0917076I	0.808	12	5	2	5
EOG091708PY	0.79	12	6	1	5
EOG091701E0	0.907	14	6	2	6
EOG091701E8	0.922	14	6	2	6
EOG09170108	0.786	14	6	2	6
EOG09170109	0.89	14	6	2	6
EOG09170105	0.463	14	6	2	6
EOG09170107	0.418	14	6	2	6
EOG0917010M	0.635	10	4	1	5
EOG0917010J	0.681	14	6	2	6
EOG0917010C	0.442	14	6	2	6
EOG0917010V	0.62	14	6	2	6
EOG0917010R	0.855	14	6	2	6
EOG091707W7	0.432	10	6	1	3
EOG09170A3D	0.201	13	6	1	6
EOG091706RP	0.282	14	6	2	6
EOG091706RZ	0.269	13	6	2	5
EOG091702XD	0.464	14	6	2	6
EOG091702X5	0.771	14	6	2	6
EOG091703F7	0.604	14	6	2	6
EOG09170312	0.258	14	6	2	6
EOG0917031O	0.492	14	6	2	6
EOG0917031A	0.401	13	5	2	6
EOG091707JH	0.351	14	6	2	6
EOG091701G6	0.262	14	6	2	6
EOG091701G8	0.35	14	6	2	6
EOG09170125	0.878	14	6	2	6
EOG09170120	0.381	14	6	2	6
EOG09170129	0.233	13	6	1	6
EOG0917012F	0.562	14	6	2	6
EOG0917012A	0.409	14	6	2	6
EOG0917012M	0.796	14	6	2	6
EOG091707U5	0.883	14	6	2	6
EOG0917087U	0.226	6	1	1	4
EOG0917078A	0.495	5	3	1	1
EOG09170840	0.42	13	6	1	6
EOG091702ZN	0.385	14	6	2	6
EOG091702ZX	0.505	13	6	1	6
EOG091707TO	0.906	14	6	2	6
EOG091703DR	0.262	14	6	2	6
EOG091703DB	0.316	14	6	2	6
EOG091703D7	0.786	14	6	2	6
EOG091706YG	0.738	14	6	2	6
EOG0917066W	0.31	13	6	2	5
EOG0917066Y	0.691	13	6	1	6
EOG091707HH	0.287	13	5	2	6
EOG091708P7	0.42	6	2	1	3
EOG091709RK	0.258	6	3	1	2
EOG091707H5	0.819	14	6	2	6
