EOG091700MT	0.271	10	5	2	3
EOG09170BT4	0.229	5	2	1	2
EOG091704I3	0.229	7	3	2	2
EOG091704IO	0.42	8	3	2	3
EOG091702D3	0.238	6	2	2	2
EOG09170A5J	0.236	6	2	2	2
EOG091703BQ	0.219	6	2	2	2
EOG091706HG	0.242	5	2	2	1
EOG091706HV	0.248	6	3	2	1
EOG091706SF	0.26	5	2	2	1
EOG091706H2	0.259	4	1	2	1
EOG091706H7	0.304	11	5	2	4
EOG091707NK	0.237	7	2	2	3
EOG091708BN	0.238	4	2	1	1
EOG091704G1	0.243	4	1	1	2
EOG0917095L	0.238	6	3	1	2
EOG0917052F	0.261	5	2	1	2
EOG09170BBF	0.271	5	2	1	2
EOG0917095F	0.227	5	1	2	2
EOG091708B8	0.278	6	2	2	2
EOG091708B3	0.265	6	3	1	2
EOG0917067S	0.249	3	2	1	0
EOG091706JV	0.463	11	5	2	4
EOG091708QQ	0.202	6	2	2	2
EOG091707LR	0.237	4	2	1	1
EOG091707ZN	0.24	5	2	2	1
EOG091708QM	0.239	14	6	2	6
EOG091706ZL	0.232	6	2	2	2
EOG0917063I	0.244	5	1	2	2
EOG0917085G	0.239	5	3	2	0
EOG0917009H	0.314	13	5	2	6
EOG09170852	0.242	5	2	1	2
EOG09170BL5	0.225	4	1	1	2
EOG091700ZH	0.456	14	6	2	6
EOG091709XK	0.271	5	2	1	2
EOG091704CQ	0.264	4	2	1	1
EOG091704CR	0.279	5	1	2	2
EOG091705C1	0.256	6	2	2	2
EOG09170569	0.213	7	3	2	2
EOG091709GW	0.246	4	1	1	2
EOG091702BG	0.231	5	2	2	1
EOG091702BX	0.305	7	2	2	3
EOG091703LT	0.257	14	6	2	6
EOG091703LH	0.224	6	2	2	2
EOG091701Z8	0.257	5	3	1	1
EOG091706AD	0.253	7	3	2	2
EOG09170AUN	0.279	5	2	1	2
EOG091703W7	0.247	6	2	2	2
EOG091703WO	0.229	5	2	1	2
EOG091703WM	0.221	6	2	2	2
EOG091708CJ	0.263	5	2	1	2
EOG091708CB	0.259	6	2	2	2
EOG091709AQ	0.261	5	2	1	2
EOG091702LH	0.248	6	2	2	2
EOG091702LR	0.26	8	3	2	3
EOG0917024I	0.218	6	2	2	2
EOG09170AWB	0.249	5	2	1	2
EOG09170B5I	0.243	6	2	2	2
EOG091705GT	0.253	4	2	1	1
EOG091709C0	0.22	4	1	2	1
EOG091709CL	0.252	6	2	1	3
EOG091709CO	0.238	5	2	2	1
EOG09170634	0.239	6	2	2	2
EOG091706BZ	0.238	7	3	2	2
EOG091703HF	0.266	5	1	2	2
EOG09170481	0.286	14	6	2	6
EOG0917026W	0.228	4	3	1	0
EOG0917026S	0.266	5	3	1	1
EOG0917048I	0.388	4	1	1	2
EOG09170B7V	0.262	6	2	2	2
EOG09170B7W	0.232	4	2	1	1
EOG09170B7J	0.253	4	2	1	1
EOG09170B75	0.231	4	1	1	2
EOG09170BA5	0.242	4	2	1	1
EOG09170BTX	0.25	5	2	1	2
EOG091709M3	0.214	6	2	2	2
EOG091701PL	0.218	11	5	2	4
EOG0917046Y	0.274	4	1	2	1
EOG09170ASG	0.479	9	4	1	4
EOG09170B1Z	0.278	5	2	2	1
EOG09170B1F	0.278	4	2	1	1
EOG0917007V	0.311	14	6	2	6
EOG091703Q8	0.26	5	1	2	2
EOG09170BVZ	0.243	4	1	1	2
EOG091703Q6	0.253	5	2	1	2
EOG091709OW	0.239	5	2	1	2
EOG091709OI	0.254	6	2	2	2
EOG091702J7	0.663	12	5	2	5
EOG091701RL	0.229	6	2	2	2
EOG09170192	0.219	8	4	2	2
EOG091707X0	0.285	5	1	2	2
EOG091708WL	0.254	5	1	2	2
EOG09170B3Z	0.271	4	2	1	1
EOG09170A8V	0.233	5	2	1	2
EOG091704YP	0.309	14	6	2	6
EOG091704LX	0.222	6	2	2	2
EOG091708NK	0.244	5	2	1	2
EOG091709IE	0.24	5	2	1	2
EOG091701LC	0.234	6	3	1	2
EOG0917042K	0.231	7	3	1	3
EOG0917042G	0.211	6	2	2	2
EOG091705PG	0.534	5	2	1	2
EOG091705P1	0.285	8	3	2	3
EOG091706L0	0.266	6	3	1	2
EOG091705OZ	0.235	7	3	2	2
EOG091708KH	0.245	5	2	1	2
EOG091709KF	0.279	6	3	1	2
EOG091700TA	0.274	14	6	2	6
EOG091700TJ	0.274	14	6	2	6
EOG091706ZP	0.254	4	2	1	1
EOG09170AYL	0.232	6	2	1	3
EOG091705RU	0.218	6	2	2	2
EOG09170B9G	0.263	4	2	1	1
EOG091705R4	0.298	7	3	1	3
EOG09170A44	0.218	5	1	1	3
EOG09170A48	0.256	4	2	1	1
EOG091706SL	0.259	4	1	2	1
EOG09170B93	0.259	5	2	1	2
EOG091704UM	0.233	4	2	2	0
EOG091706VK	0.23	5	2	1	2
EOG0917036A	0.242	14	6	2	6
EOG091706VO	0.253	6	1	2	3
EOG091709U8	0.244	5	2	1	2
EOG091708AF	0.218	6	2	2	2
EOG091708AG	0.256	5	2	1	2
EOG091708AN	0.261	4	2	1	1
EOG091709UI	0.204	4	1	1	2
EOG09170ADF	0.232	4	1	1	2
EOG091704NC	0.21	4	2	2	0
EOG0917017I	0.24	6	2	2	2
EOG09170A66	0.28	5	1	2	2
EOG0917082G	0.245	5	2	1	2
EOG09170A6C	0.257	5	2	1	2
EOG091707R6	0.278	4	2	1	1
EOG09170619	0.24	4	2	1	1
EOG091708OR	0.214	4	2	1	1
EOG091709W5	0.26	5	2	1	2
EOG091709WO	0.259	4	2	1	1
EOG09170AFK	0.231	4	2	1	1
EOG091700HJ	0.262	14	6	2	6
EOG091700H7	0.321	14	6	2	6
EOG09170BOW	0.239	6	2	2	2
EOG0917088E	0.242	5	2	1	2
EOG091705VW	0.224	6	2	2	2
EOG09170809	0.246	4	2	1	1
EOG0917080M	0.25	4	1	1	2
EOG09170A0P	0.246	7	2	2	3
EOG09170AXP	0.287	5	2	1	2
EOG0917098U	0.22	5	1	1	3
EOG09170CCE	0.225	3	1	1	1
EOG091708OZ	0.221	6	2	1	3
EOG091703GO	0.208	6	2	2	2
EOG091709Q7	0.262	7	3	2	2
EOG09170A1Z	0.222	4	1	1	2
EOG091709QP	0.265	5	2	1	2
EOG091709QF	0.234	4	2	1	1
EOG091700NN	0.233	6	2	2	2
EOG091707KW	0.243	4	2	1	1
EOG091704J6	0.25	5	2	2	1
EOG0917079R	0.252	5	2	1	2
EOG091707VS	0.238	4	2	1	1
EOG09170796	0.249	4	2	1	1
EOG09170869	0.263	4	2	1	1
EOG0917086Z	0.204	6	2	2	2
EOG091707ZF	0.294	8	3	2	3
EOG09170A2A	0.258	6	2	2	2
EOG0917030C	0.22	9	4	2	3
EOG091703EZ	0.241	4	1	2	1
EOG091709SA	0.59	4	2	1	1
EOG091707I8	0.249	6	2	2	2
EOG091707I1	0.243	4	2	2	0
EOG091707IF	0.244	5	2	1	2
EOG091704HA	0.259	7	2	2	3
EOG09170ANO	0.302	6	3	1	2
EOG091706K7	0.232	4	1	1	2
EOG091706K4	0.22	5	2	1	2
EOG0917062J	0.2	6	2	2	2
EOG091706KI	0.249	6	2	2	2
EOG091703C7	0.212	10	3	2	5
EOG091703C5	0.235	6	2	2	2
EOG0917067U	0.235	6	2	2	2
EOG0917067Q	0.242	5	2	1	2
EOG09170A3I	0.226	4	2	1	1
EOG091707OG	0.255	4	1	1	2
EOG091707OT	0.204	8	3	2	3
EOG09170BLC	0.241	4	1	1	2
EOG091700B5	0.36	14	6	2	6
EOG091706TT	0.382	9	3	2	4
EOG091706TP	0.212	5	2	1	2
EOG0917053Y	0.24	7	3	2	2
EOG0917053Z	0.238	7	2	2	3
EOG09170BAP	0.23	4	2	1	1
EOG0917072T	0.255	5	1	2	2
EOG0917092K	0.273	4	1	2	1
EOG0917062F	0.238	10	5	2	3
EOG091704DH	0.295	6	2	2	2
EOG091701BQ	0.248	5	1	2	2
EOG091704D4	0.226	8	4	2	2
EOG0917092T	0.218	6	4	2	0
EOG0917008Q	0.256	12	5	2	5
EOG09170089	0.3	14	6	2	6
EOG091707Y4	0.246	5	2	1	2
EOG09170BCK	0.25	5	2	1	2
EOG091703OJ	0.306	6	1	2	3
EOG091703OX	0.249	4	2	1	1
EOG091708GD	0.219	4	1	1	2
EOG09170EYX	0.687	3	1	2	0
EOG091700FG	0.261	14	6	2	6
EOG0917071X	0.242	4	1	2	1
EOG0917097W	0.24	5	2	1	2
EOG091703M6	0.235	5	2	2	1
EOG091706E8	0.237	5	2	2	1
EOG091707AE	0.244	6	2	2	2
EOG09170AZ3	0.259	4	2	1	1
EOG0917063F	0.619	12	5	2	5
EOG0917059I	0.257	7	3	2	2
EOG091709FA	0.229	6	2	1	3
EOG091708MI	0.268	4	2	1	1
EOG0917094B	0.245	5	2	1	2
EOG091700YN	0.215	8	4	2	2
EOG091701U8	0.528	5	2	2	1
EOG091701UG	0.224	8	4	2	2
EOG091707G2	0.229	5	2	2	1
EOG09170909	0.202	7	3	2	2
EOG091707GG	0.273	5	2	1	2
EOG091707GP	0.256	4	2	1	1
EOG09170AT4	0.249	4	1	1	2
EOG09170B45	0.28	5	2	1	2
EOG091708DR	0.374	8	4	1	3
EOG09170B4S	0.258	5	2	1	2
EOG091707X3	0.227	5	3	1	1
EOG091705JP	0.241	6	2	2	2
EOG09170C1K	0.24	4	1	1	2
EOG091705JU	0.253	7	2	2	3
EOG091707K6	0.211	10	5	2	3
EOG091703IT	0.274	14	6	2	6
EOG091703I4	0.26	6	3	1	2
EOG09170C17	0.2	6	2	1	3
EOG091701WE	0.24	6	2	2	2
EOG09170AVK	0.256	5	2	1	2
EOG091703TW	0.26	5	2	1	2
EOG091705F5	0.233	4	2	1	1
EOG091706A4	0.229	5	1	2	2
EOG091709BW	0.233	7	2	2	3
EOG091709BM	0.271	5	2	1	2
EOG091709BJ	0.251	5	2	1	2
EOG091709I6	0.272	5	2	2	1
EOG09170BKC	0.235	4	2	1	1
EOG091706ME	0.231	8	3	2	3
EOG091702OR	0.248	5	2	1	2
EOG091702OQ	0.227	6	2	2	2
EOG09170AMF	0.26	4	2	1	1
EOG091704JR	0.266	4	2	1	1
EOG0917049Z	0.241	4	1	2	1
EOG091701QB	0.249	6	2	2	2
EOG091706P7	0.244	8	3	2	3
EOG091704ZI	0.261	5	2	2	1
EOG091704Z5	0.265	5	2	2	1
EOG09170B0N	0.226	4	2	1	1
EOG091702TC	0.204	7	3	2	2
EOG0917096C	0.238	4	1	1	2
EOG091705HR	0.263	4	1	1	2
EOG0917079L	0.29	14	6	2	6
EOG09170680	0.269	4	1	1	2
EOG091709L1	0.246	4	1	2	1
EOG091700ST	0.244	14	6	2	6
EOG091706E1	0.413	5	2	1	2
EOG0917047Q	0.279	9	4	2	3
EOG09170479	0.269	5	2	1	2
EOG091701SI	0.316	5	1	2	2
EOG091701SV	0.437	7	3	2	2
EOG09170A9O	0.22	4	2	1	1
EOG09170A9H	0.229	5	2	1	2
EOG09170AR3	0.237	5	2	1	2
EOG09170AR9	0.202	6	3	1	2
EOG09170AZQ	0.222	4	2	1	1
EOG09170B2F	0.274	4	2	1	1
EOG091702VD	0.245	4	1	2	1
EOG091702VX	0.253	14	6	2	6
EOG091704X2	0.417	9	4	2	3
EOG091704XZ	0.251	5	2	1	2
EOG0917004H	0.491	14	6	2	6
EOG09170BW8	0.219	4	1	1	2
EOG091702KC	0.221	3	1	2	0
EOG091702KA	0.208	6	2	2	2
EOG091700QP	0.265	7	3	2	2
EOG091706G9	0.219	8	3	2	3
EOG091706GB	0.253	5	1	2	2
EOG091701MC	0.298	14	6	2	6
EOG091701ME	0.25	9	4	2	3
EOG091705QM	0.242	5	2	1	2
EOG0917098K	0.26	5	2	1	2
EOG0917077Y	0.256	12	5	2	5
EOG0917077O	0.216	5	2	1	2
EOG0917077D	0.791	14	6	2	6
EOG091702PG	0.251	9	4	2	3
EOG091702PW	0.217	7	3	2	2
EOG091704VT	0.244	4	2	2	0
EOG091705L5	0.261	6	3	1	2
EOG091706MF	0.245	4	2	1	1
EOG091705LO	0.254	5	3	1	1
EOG091706N2	0.229	6	2	2	2
EOG091706QV	0.249	6	2	2	2
EOG091706MM	0.25	4	1	1	2
EOG09170AKV	0.249	7	3	1	3
EOG091700WG	0.449	14	6	2	6
EOG0917075G	0.241	5	2	1	2
EOG09170DZV	0.262	3	1	1	1
EOG09170753	0.25	5	2	1	2
EOG0917065V	0.233	5	2	2	1
EOG091702RR	0.419	6	3	1	2
EOG091704TE	0.212	4	2	1	1
EOG091705N5	0.244	8	4	2	2
EOG091709JE	0.281	5	1	2	2
EOG091709JN	0.225	9	4	2	3
EOG09170C6T	0.256	4	2	1	1
EOG09170A7B	0.239	6	2	2	2
EOG091705U6	0.252	7	2	2	3
EOG091705UE	0.279	5	2	1	2
EOG091705UV	0.292	11	5	2	4
EOG09170DRS	0.209	3	1	1	1
EOG091708JZ	0.267	4	2	2	0
EOG09170CWC	0.242	3	1	1	1
EOG09170AG3	0.265	6	2	1	3
EOG09170AGS	0.271	5	2	1	2
EOG09170AGM	0.255	8	3	1	4
EOG09170AGJ	0.207	5	1	1	3
EOG0917029G	0.221	6	2	2	2
EOG091705W8	0.253	3	1	1	1
EOG09170A1A	0.242	5	2	1	2
EOG091705WF	0.266	8	3	2	3
EOG09170833	0.263	7	2	2	3
EOG091704PV	0.203	8	4	1	3
EOG091703XF	0.254	5	2	2	1
EOG091709V5	0.266	5	3	1	1
EOG0917033X	0.286	6	2	2	2
EOG091700IQ	0.313	5	2	1	2
EOG091708VJ	0.233	7	3	1	3
EOG091709GY	0.237	5	2	2	1
EOG09170BYY	0.252	4	1	1	2
EOG091707JW	0.234	6	2	2	2
EOG091707J7	0.243	5	2	1	2
EOG091700O6	0.291	13	5	2	6
EOG091706QY	0.248	5	1	2	2
EOG091701G1	0.206	13	6	2	5
EOG09170126	0.264	13	6	2	5
EOG09170877	0.25	5	2	1	2
EOG09170BFV	0.256	7	2	2	3
EOG0917066X	0.244	4	1	2	1
EOG091709R6	0.246	4	3	1	0
EOG0917084U	0.227	6	2	2	2
EOG091707H7	0.243	5	2	1	2
