EOG091700MS	0.494	14	6	2	6
EOG091701AK	0.408	14	6	2	6
EOG091701AE	0.553	14	6	2	6
EOG091704IB	0.507	13	6	1	6
EOG091708RI	0.283	13	6	1	6
EOG09170503	0.344	14	6	2	6
EOG091703B1	0.341	12	6	1	5
EOG091706SV	0.261	8	2	2	4
EOG091706HK	0.421	14	6	2	6
EOG091706H7	0.367	11	5	2	4
EOG091708R2	0.323	13	6	1	6
EOG091707N6	0.224	12	5	1	6
EOG091707N7	0.323	12	5	1	6
EOG091709KV	0.209	13	6	1	6
EOG091704GQ	0.358	13	6	1	6
EOG091704GM	0.534	14	6	2	6
EOG091707XS	0.556	14	6	2	6
EOG0917052D	0.311	11	5	2	4
EOG0917052J	0.234	14	6	2	6
EOG0917052L	0.301	14	6	2	6
EOG091706JP	0.361	14	6	2	6
EOG091700AB	0.291	14	6	2	6
EOG091706WT	0.665	13	6	1	6
EOG091704E5	0.397	14	6	2	6
EOG0917009M	0.231	14	6	2	6
EOG091709E3	0.503	13	5	2	6
EOG091700ZM	0.293	14	6	2	6
EOG091703NY	0.215	14	6	2	6
EOG0917040X	0.595	14	6	2	6
EOG091703IJ	0.219	14	6	2	6
EOG091700G6	0.344	14	6	2	6
EOG091700XO	0.398	14	6	2	6
EOG091700XK	0.241	14	6	2	6
EOG091700XB	0.626	13	6	2	5
EOG091702BT	0.267	14	6	2	6
EOG091706A6	0.695	14	6	2	6
EOG091701ZY	0.555	14	6	2	6
EOG091703LZ	0.731	14	6	2	6
EOG091700EP	0.36	14	6	2	6
EOG091700ED	0.466	14	6	2	6
EOG091700EC	0.811	14	6	2	6
EOG09170C07	0.21	11	5	2	4
EOG091702LI	0.474	14	6	2	6
EOG091701TZ	0.529	14	6	2	6
EOG091701TA	0.338	14	6	2	6
EOG09170249	0.25	14	6	2	6
EOG0917014I	0.472	14	6	2	6
EOG0917003R	0.286	14	6	2	6
EOG0917003U	0.32	14	6	2	6
EOG0917003Z	0.284	14	6	2	6
EOG0917003M	0.424	14	6	2	6
EOG091703UH	0.367	14	6	2	6
EOG091709CY	0.21	4	0	1	3
EOG091702N5	0.487	14	6	2	6
EOG091706BA	0.251	14	6	2	6
EOG091703HG	0.33	13	5	2	6
EOG091703HE	0.533	14	6	2	6
EOG091703HA	0.399	13	5	2	6
EOG0917026D	0.365	14	6	2	6
EOG0917026C	0.625	14	6	2	6
EOG0917048T	0.34	14	6	2	6
EOG0917048W	0.292	14	6	2	6
EOG09170B7Y	0.645	14	6	2	6
EOG091701VE	0.453	14	6	2	6
EOG09170BTZ	0.24	4	1	0	3
EOG091700RK	0.292	14	6	2	6
EOG091702HZ	0.483	14	6	2	6
EOG0917046E	0.226	9	3	1	5
EOG091707DG	0.486	13	6	1	6
EOG091707DA	0.322	14	6	2	6
EOG0917007Z	0.294	14	6	2	6
EOG09170C1P	0.239	4	2	0	2
EOG0917069R	0.356	14	6	2	6
EOG091700PP	0.235	14	6	2	6
EOG09170191	0.521	14	6	2	6
EOG09170229	0.37	14	6	2	6
EOG091705MB	0.207	14	6	2	6
EOG091702W1	0.397	14	6	2	6
EOG091702WR	0.424	14	6	2	6
EOG091702WU	0.349	14	6	2	6
EOG09170052	0.485	14	6	2	6
EOG091700VT	0.315	14	6	2	6
EOG0917042O	0.503	14	6	2	6
EOG091705PD	0.549	14	6	2	6
EOG091704WF	0.206	6	2	1	3
EOG091705O7	0.427	14	6	2	6
EOG091700TA	0.224	14	6	2	6
EOG091701N6	0.468	14	6	2	6
EOG0917040Y	0.543	14	6	2	6
EOG0917040B	0.432	13	6	1	6
EOG091705R5	0.251	9	3	1	5
EOG091705I8	0.358	14	6	2	6
EOG091704UO	0.225	14	6	2	6
EOG091706VR	0.298	11	5	1	5
EOG091702SR	0.325	14	6	2	6
EOG09170ADS	0.301	10	5	1	4
EOG091700JV	0.231	14	6	2	6
EOG091700JK	0.257	13	6	2	5
EOG091701HG	0.216	7	3	1	3
EOG091701H5	0.531	14	6	2	6
EOG09170174	0.227	13	6	2	5
EOG09170171	0.669	14	6	2	6
EOG09170170	0.293	14	6	2	6
EOG0917017L	0.424	14	6	2	6
EOG091705TS	0.693	14	6	2	6
EOG09170288	0.234	14	6	2	6
EOG09170280	0.613	14	6	2	6
EOG09170342	0.256	14	6	2	6
EOG091700HW	0.211	14	6	2	6
EOG091700HS	0.405	14	6	2	6
EOG091700HL	0.254	14	6	2	6
EOG091701JM	0.205	14	6	2	6
EOG091706DA	0.587	14	6	2	6
EOG0917032H	0.437	14	6	2	6
EOG091709QQ	0.428	13	6	1	6
EOG091700NY	0.333	14	6	2	6
EOG091707X9	0.215	6	3	1	2
EOG0917013O	0.775	14	6	2	6
EOG091705XJ	0.203	14	6	2	6
EOG091702YX	0.486	14	6	2	6
EOG0917030S	0.214	14	6	2	6
EOG0917030P	0.291	13	6	2	5
EOG0917030L	0.564	14	6	2	6
EOG09170BZW	0.264	4	1	0	3
EOG09170ABL	0.612	14	6	2	6
EOG091707IA	0.491	13	5	2	6
EOG091700LY	0.681	14	6	2	6
EOG091701F5	0.291	14	6	2	6
EOG091704H6	0.708	14	6	2	6
EOG091705Z1	0.483	13	5	2	6
EOG0917089W	0.307	13	5	2	6
EOG09170670	0.36	13	6	1	6
EOG091703CG	0.442	14	6	2	6
EOG091703CJ	0.355	9	3	2	4
EOG091708LB	0.327	14	6	2	6
EOG091700BA	0.203	14	6	2	6
EOG0917072C	0.2	14	6	2	6
EOG091704FA	0.279	14	6	2	6
EOG091706TO	0.644	14	6	2	6
EOG0917053U	0.23	14	6	2	6
EOG09170BAF	0.244	12	5	1	6
EOG091702EZ	0.388	12	4	2	6
EOG091706I0	0.43	14	6	2	6
EOG091704DG	0.228	9	3	1	5
EOG091704DN	0.205	6	2	1	3
EOG091704D8	0.254	14	6	2	6
EOG0917008J	0.512	14	6	2	6
EOG09170BC8	0.208	3	0	0	3
EOG091701YO	0.274	14	6	2	6
EOG091701YK	0.418	14	6	2	6
EOG091701YH	0.286	13	5	2	6
EOG091701YU	0.523	14	6	2	6
EOG091701YQ	0.552	14	6	2	6
EOG091701XL	0.498	14	6	2	6
EOG091707CY	0.27	6	2	1	3
EOG09170AX8	0.257	8	3	1	4
EOG091700F3	0.557	14	6	2	6
EOG091700F0	0.47	14	6	2	6
EOG091700FX	0.391	14	6	2	6
EOG0917071J	0.245	13	5	2	6
EOG0917057G	0.304	14	6	2	6
EOG091703ML	0.239	13	5	2	6
EOG091705BN	0.558	14	6	2	6
EOG091704M8	0.39	12	5	1	6
EOG0917059Z	0.277	14	6	2	6
EOG091704MW	0.275	14	6	2	6
EOG091709FA	0.23	6	2	1	3
EOG091702CX	0.213	14	6	2	6
EOG091702CU	0.248	14	6	2	6
EOG091702C3	0.326	14	6	2	6
EOG091701UZ	0.22	14	6	2	6
EOG091706F1	0.206	14	6	2	6
EOG091703V7	0.653	14	6	2	6
EOG091702MP	0.349	14	6	2	6
EOG091707K9	0.224	13	6	1	6
EOG091703IP	0.233	11	5	1	5
EOG091707KI	0.347	14	6	2	6
EOG091707E1	0.546	14	6	2	6
EOG091701W0	0.289	13	6	2	5
EOG091701WG	0.235	14	6	2	6
EOG0917000T	0.395	13	5	2	6
EOG0917000C	0.27	12	6	1	5
EOG09170BTD	0.202	6	2	1	3
EOG091703TN	0.348	14	6	2	6
EOG091703TS	0.411	14	6	2	6
EOG091705FM	0.441	10	4	2	4
EOG091706MJ	0.333	14	6	2	6
EOG091702O2	0.6	14	6	2	6
EOG091704JA	0.27	13	6	1	6
EOG091708RY	0.557	13	5	2	6
EOG09170278	0.507	13	6	1	6
EOG0917027U	0.254	13	5	2	6
EOG091706PH	0.3	12	6	0	6
EOG091702TP	0.213	10	4	2	4
EOG091702T9	0.446	14	6	2	6
EOG0917079Y	0.253	10	4	1	5
EOG09170062	0.23	14	6	2	6
EOG09170BU6	0.241	4	1	1	2
EOG0917079E	0.343	13	6	2	5
EOG09170689	0.359	11	4	2	5
EOG091702IQ	0.299	13	5	2	6
EOG091702IR	0.383	13	5	2	6
EOG091700SB	0.405	14	6	2	6
EOG09170B0W	0.211	14	6	2	6
EOG0917047M	0.226	14	6	2	6
EOG0917021C	0.85	14	6	2	6
EOG091702VX	0.581	14	6	2	6
EOG091702VS	0.202	13	5	2	6
EOG091704XA	0.264	14	6	2	6
EOG091704XG	0.387	13	5	2	6
EOG091702V0	0.572	13	5	2	6
EOG091703PL	0.366	11	4	2	5
EOG0917004H	0.232	14	6	2	6
EOG091703P8	0.236	14	6	2	6
EOG091702KV	0.227	13	5	2	6
EOG091700Q5	0.309	14	6	2	6
EOG091706G3	0.331	12	5	2	5
EOG0917018Q	0.511	14	6	2	6
EOG0917045B	0.495	14	6	2	6
EOG091701MT	0.527	14	6	2	6
EOG0917023K	0.345	13	6	1	6
EOG0917023A	0.413	14	6	2	6
EOG091702PD	0.432	14	6	2	6
EOG091704V5	0.324	13	5	2	6
EOG091704V4	0.533	13	6	1	6
EOG091704V9	0.468	3	1	0	2
EOG091704VD	0.455	14	6	2	6
EOG091708XQ	0.373	14	6	2	6
EOG091705LS	0.55	13	5	2	6
EOG091706QS	0.406	14	6	2	6
EOG091706N7	0.576	12	5	1	6
EOG09170BQC	0.257	5	2	0	3
EOG091700W9	0.326	14	6	2	6
EOG091700W7	0.432	14	6	2	6
EOG091706Y8	0.231	12	6	1	5
EOG091701OX	0.342	14	6	2	6
EOG091701OF	0.464	14	6	2	6
EOG091705S6	0.533	13	6	1	6
EOG091705SQ	0.597	14	6	2	6
EOG091702RH	0.382	14	6	2	6
EOG091702RN	0.368	14	6	2	6
EOG091704TU	0.217	10	2	2	6
EOG091700UE	0.264	14	6	2	6
EOG091700UA	0.299	14	6	2	6
EOG091701I4	0.636	14	6	2	6
EOG0917041Q	0.268	13	6	2	5
EOG09170A7K	0.344	9	5	0	4
EOG091705U4	0.242	11	3	2	6
EOG0917035B	0.392	13	6	1	6
EOG0917035P	0.56	14	6	2	6
EOG091700K5	0.211	14	6	2	6
EOG091701KJ	0.302	14	6	2	6
EOG0917029T	0.649	14	6	2	6
EOG091704OB	0.211	14	6	2	6
EOG091704PM	0.352	14	6	2	6
EOG091704PN	0.355	14	6	2	6
EOG0917033G	0.234	14	6	2	6
EOG091700IP	0.477	14	6	2	6
EOG091701ED	0.217	14	6	2	6
EOG0917076I	0.436	12	5	2	5
EOG091701E0	0.716	14	6	2	6
EOG09170108	0.227	14	6	2	6
EOG0917010N	0.541	14	6	2	6
EOG0917010V	0.476	14	6	2	6
EOG091703FZ	0.646	14	6	2	6
EOG091703FG	0.384	11	5	2	4
EOG091703F7	0.29	14	6	2	6
EOG09170311	0.206	14	6	2	6
EOG091708XO	0.286	13	5	2	6
EOG091700OD	0.587	14	6	2	6
EOG09170787	0.226	13	6	1	6
EOG09170BFW	0.238	4	0	0	4
EOG091702ZJ	0.339	13	6	1	6
EOG091702Z5	0.495	14	6	2	6
EOG091707TO	0.647	14	6	2	6
EOG0917066Y	0.251	13	6	1	6
