EOG091700MY	0.725	14	6	2	6
EOG091700MP	0.801	14	6	2	6
EOG091701AY	0.24	14	6	2	6
EOG091701AI	0.545	14	6	2	6
EOG091701A7	0.273	12	6	2	4
EOG091704IH	0.207	13	6	1	6
EOG0917050A	0.249	7	2	2	3
EOG091702DT	0.291	14	6	2	6
EOG091702DL	0.213	12	4	2	6
EOG091706PQ	0.242	14	6	2	6
EOG091706SO	0.734	10	4	2	4
EOG091700CA	0.712	14	6	2	6
EOG091708R7	0.336	12	5	2	5
EOG091707FH	0.291	14	6	2	6
EOG091700C4	0.286	14	6	2	6
EOG091707FF	0.251	12	4	2	6
EOG091701CU	0.605	14	6	2	6
EOG091701CZ	0.631	14	6	2	6
EOG091701CO	0.451	13	6	1	6
EOG091706S6	0.547	14	6	2	6
EOG091704GZ	0.251	14	6	2	6
EOG091704GC	0.78	14	6	2	6
EOG091702FN	0.312	14	6	2	6
EOG091702FK	0.309	13	5	2	6
EOG091702F2	0.437	14	6	2	6
EOG091706NF	0.262	9	4	2	3
EOG091708T2	0.481	12	5	2	5
EOG091706FM	0.921	13	5	2	6
EOG091708TA	0.215	9	3	1	5
EOG091706J0	0.259	5	2	1	2
EOG091706ZY	0.304	13	6	1	6
EOG091700AG	0.447	14	6	2	6
EOG091706WK	0.869	14	6	2	6
EOG091706W7	0.211	7	3	1	3
EOG0917085V	0.521	12	6	1	5
EOG091704EA	0.544	9	3	2	4
EOG091704EE	0.3	14	6	2	6
EOG091705A3	0.26	8	2	2	4
EOG0917054S	0.733	9	5	1	3
EOG0917009I	0.858	14	6	2	6
EOG0917009Q	0.705	14	6	2	6
EOG09170155	0.347	14	6	2	6
EOG091700ZO	0.353	14	6	2	6
EOG091700ZL	0.223	14	6	2	6
EOG091700ZT	0.473	14	6	2	6
EOG091700Z7	0.206	14	6	2	6
EOG091701XO	0.778	14	6	2	6
EOG0917039R	0.439	14	6	2	6
EOG0917039W	0.299	14	6	2	6
EOG091703NX	0.408	14	6	2	6
EOG091705NY	0.211	12	6	1	5
EOG09170795	0.221	7	3	2	2
EOG0917015T	0.726	13	5	2	6
EOG091700G9	0.281	14	6	2	6
EOG091704CB	0.306	14	6	2	6
EOG09170560	0.435	12	5	1	6
EOG091705CK	0.221	4	1	2	1
EOG091705GO	0.681	14	6	2	6
EOG091709G7	0.841	14	6	2	6
EOG091700XN	0.231	14	6	2	6
EOG091700XF	0.33	14	6	2	6
EOG091700XZ	0.493	13	5	2	6
EOG091702BC	0.713	14	6	2	6
EOG091700X9	0.458	13	5	2	6
EOG091700X1	0.754	14	6	2	6
EOG091701ZK	0.874	13	5	2	6
EOG091701Z4	0.759	14	6	2	6
EOG09170918	0.304	14	6	2	6
EOG091700E8	0.916	14	6	2	6
EOG09170AU5	0.227	12	5	2	5
EOG091704A4	0.422	14	6	2	6
EOG091704A5	0.417	14	6	2	6
EOG091704AN	0.579	14	6	2	6
EOG091704AH	0.562	14	6	2	6
EOG091704AI	0.233	10	4	2	4
EOG091705EK	0.427	14	6	2	6
EOG09170BHD	0.355	10	5	1	4
EOG091703WS	0.339	14	6	2	6
EOG091708CK	0.636	14	6	2	6
EOG091708CB	0.252	6	2	2	2
EOG091709A8	0.697	12	6	1	5
EOG091708CC	0.332	14	6	2	6
EOG091709AY	0.758	14	6	2	6
EOG091703JX	0.347	13	5	2	6
EOG091703JG	0.39	14	6	2	6
EOG091703JA	0.286	14	6	2	6
EOG091701T0	0.528	14	6	2	6
EOG0917092S	0.266	12	5	2	5
EOG091708DM	0.642	4	2	1	1
EOG09170B5A	0.684	10	4	1	5
EOG09170C0J	0.274	6	4	1	1
EOG091705GC	0.552	13	5	2	6
EOG0917014C	0.215	13	5	2	6
EOG0917003C	0.49	14	6	2	6
EOG0917003N	0.714	14	6	2	6
EOG091703U6	0.719	14	6	2	6
EOG091703U1	0.342	13	5	2	6
EOG091709CE	0.223	4	1	1	2
EOG091702NY	0.716	13	5	2	6
EOG091706BY	0.307	14	6	2	6
EOG091706B2	0.265	6	3	1	2
EOG091707DP	0.586	12	5	1	6
EOG0917026Q	0.797	12	6	1	5
EOG0917048F	0.842	14	6	2	6
EOG0917048Z	0.281	14	6	2	6
EOG091707F7	0.322	14	6	2	6
EOG0917001V	0.245	14	6	2	6
EOG091703H3	0.208	12	5	2	5
EOG0917088J	0.264	11	4	2	5
EOG091703SC	0.479	13	5	2	6
EOG091703SS	0.2	14	6	2	6
EOG091709M1	0.294	7	4	1	2
EOG091706UN	0.782	14	6	2	6
EOG091706UJ	0.22	4	2	1	1
EOG091701PN	0.209	14	6	2	6
EOG091701PS	0.588	14	6	2	6
EOG09170463	0.265	11	5	2	4
EOG0917020D	0.435	14	6	2	6
EOG0917020Z	0.435	14	6	2	6
EOG0917046I	0.624	14	6	2	6
EOG0917046U	0.407	13	5	2	6
EOG0917007L	0.331	14	6	2	6
EOG0917007I	0.885	14	6	2	6
EOG091702UI	0.333	14	6	2	6
EOG091702UP	0.243	13	6	1	6
EOG09170078	0.411	14	6	2	6
EOG0917069S	0.592	10	3	1	6
EOG0917069B	0.482	14	6	2	6
EOG0917069D	0.302	14	6	2	6
EOG091709OL	0.264	14	6	2	6
EOG091700PU	0.323	14	6	2	6
EOG091700PQ	0.893	14	6	2	6
EOG091701RT	0.772	14	6	2	6
EOG091701RY	0.277	14	6	2	6
EOG0917022N	0.272	14	6	2	6
EOG0917022F	0.816	14	6	2	6
EOG09170221	0.637	8	3	2	3
EOG0917019F	0.637	14	6	2	6
EOG091704YM	0.547	14	6	2	6
EOG091704Y9	0.388	8	3	1	4
EOG0917005N	0.209	14	6	2	6
EOG0917005Y	0.545	14	6	2	6
EOG09170056	0.873	14	6	2	6
EOG091704NO	0.868	14	6	2	6
EOG091708EZ	0.766	14	6	2	6
EOG091700VJ	0.369	12	4	2	6
EOG091700VC	0.561	14	6	2	6
EOG09170AH0	0.202	7	3	1	3
EOG091701LH	0.221	14	6	2	6
EOG091701LB	0.493	14	6	2	6
EOG091701L2	0.485	14	6	2	6
EOG0917042X	0.41	14	6	2	6
EOG0917042Q	0.364	14	6	2	6
EOG0917042B	0.445	14	6	2	6
EOG091705PB	0.462	14	6	2	6
EOG091704N5	0.249	11	5	2	4
EOG091705P7	0.557	12	5	2	5
EOG091704WU	0.232	14	6	2	6
EOG09170AYT	0.267	13	5	2	6
EOG091704W7	0.726	14	6	2	6
EOG091702Q4	0.798	14	6	2	6
EOG091702Q0	0.263	14	6	2	6
EOG091708KX	0.738	12	5	2	5
EOG091708KB	0.476	13	6	2	5
EOG091708KO	0.242	3	1	1	1
EOG091707RU	0.337	13	5	2	6
EOG091707RV	0.626	13	5	2	6
EOG091705IK	0.729	13	6	2	5
EOG09170BRM	0.506	5	1	1	3
EOG091705IO	0.818	14	6	2	6
EOG0917060K	0.297	13	6	2	5
EOG091700TO	0.229	5	2	1	2
EOG091700T8	0.596	14	6	2	6
EOG091701NI	0.328	14	6	2	6
EOG091706Z3	0.902	13	5	2	6
EOG09170409	0.268	14	6	2	6
EOG0917015Q	0.423	14	6	2	6
EOG0917015B	0.231	14	6	2	6
EOG0917015O	0.599	14	6	2	6
EOG091705RX	0.202	14	6	2	6
EOG091706CG	0.828	13	5	2	6
EOG09170A49	0.25	12	5	1	6
EOG091702S4	0.723	13	5	2	6
EOG091702SW	0.879	14	6	2	6
EOG0917036J	0.297	14	6	2	6
EOG0917036F	0.384	14	6	2	6
EOG091706VO	0.338	6	1	2	3
EOG0917036R	0.247	14	6	2	6
EOG091708A4	0.265	13	5	2	6
EOG091700JI	0.71	14	6	2	6
EOG0917081C	0.783	11	5	2	4
EOG0917073E	0.215	13	6	1	6
EOG09170C4C	0.305	3	0	1	2
EOG09170178	0.33	13	5	2	6
EOG091704ND	0.348	14	6	2	6
EOG0917073W	0.839	12	6	1	5
EOG0917017W	0.703	14	6	2	6
EOG0917017N	0.251	14	6	2	6
EOG091705TJ	0.845	11	4	1	6
EOG091705TT	0.247	13	5	2	6
EOG091706QO	0.501	14	6	2	6
EOG09170280	0.236	14	6	2	6
EOG0917028J	0.854	14	6	2	6
EOG0917028E	0.456	12	5	2	5
EOG0917028U	0.232	14	6	2	6
EOG0917082X	0.244	13	6	2	5
EOG091704SP	0.257	14	6	2	6
EOG091704SL	0.225	12	4	2	6
EOG0917061B	0.257	5	1	1	3
EOG0917034P	0.299	13	6	1	6
EOG091703YT	0.225	5	1	2	2
EOG091703YW	0.252	14	6	2	6
EOG091709WU	0.296	8	3	1	4
EOG091709WA	0.903	13	5	2	6
EOG091700H7	0.884	14	6	2	6
EOG091707QM	0.221	6	2	2	2
EOG0917088A	0.484	10	4	2	4
EOG0917011K	0.464	14	6	2	6
EOG0917011H	0.333	14	6	2	6
EOG0917088T	0.696	12	5	1	6
EOG091701JG	0.793	13	5	2	6
EOG09170118	0.719	8	4	1	3
EOG09170112	0.235	13	5	2	6
EOG091705VO	0.407	11	5	2	4
EOG091704O3	0.353	11	6	1	4
EOG091705V5	0.884	14	6	2	6
EOG091704ON	0.494	12	4	2	6
EOG09170A0R	0.274	13	6	2	5
EOG091704QR	0.245	13	6	1	6
EOG091704QM	0.783	14	6	2	6
EOG091704Q4	0.308	13	5	2	6
EOG091708QY	0.412	6	3	1	2
EOG09170631	0.311	13	6	1	6
EOG09170635	0.488	14	6	2	6
EOG091703GC	0.531	13	5	2	6
EOG091703GF	0.698	12	5	1	6
EOG0917098J	0.281	13	5	2	6
EOG091700NB	0.586	14	6	2	6
EOG091707KB	0.335	13	5	2	6
EOG0917013G	0.83	14	6	2	6
EOG0917013U	0.313	10	3	2	5
EOG091701DK	0.572	14	6	2	6
EOG091705XY	0.223	6	2	1	3
EOG091707ZR	0.331	14	6	2	6
EOG0917086S	0.46	14	6	2	6
EOG0917086P	0.448	8	4	2	2
EOG091705HJ	0.244	14	6	2	6
EOG091705HU	0.299	12	5	2	5
EOG091703E4	0.285	14	6	2	6
EOG091703E6	0.885	14	6	2	6
EOG091703EX	0.29	14	6	2	6
EOG091703EJ	0.411	14	6	2	6
EOG091709LA	0.533	10	3	2	5
EOG091709S6	0.918	13	5	2	6
EOG091707IM	0.667	14	6	2	6
EOG091704HU	0.528	14	6	2	6
EOG091704HA	0.218	7	2	2	3
EOG091704HG	0.31	14	6	2	6
EOG091701FE	0.301	13	5	2	6
EOG0917088P	0.309	14	6	2	6
EOG091707TR	0.621	14	6	2	6
EOG0917051X	0.694	14	6	2	6
EOG091707O8	0.663	14	6	2	6
EOG091700B5	0.272	14	6	2	6
EOG091700BR	0.274	14	6	2	6
EOG091704FK	0.275	5	2	1	2
EOG091704L5	0.649	14	6	2	6
EOG091702E5	0.661	12	5	2	5
EOG091706YO	0.265	6	3	1	2
EOG091702EU	0.258	14	6	2	6
EOG091702EH	0.795	14	6	2	6
EOG091703AL	0.204	14	6	2	6
EOG091703A2	0.345	9	4	1	4
EOG091706I8	0.271	13	5	2	6
EOG09170BAS	0.207	3	0	1	2
EOG091707M2	0.337	14	6	2	6
EOG091707M5	0.732	12	5	1	6
EOG0917062W	0.487	13	5	2	6
EOG0917062Q	0.222	12	5	1	6
EOG091704DN	0.225	6	2	1	3
EOG091701B4	0.325	14	6	2	6
EOG091701BQ	0.254	5	1	2	2
EOG091701BZ	0.639	14	6	2	6
EOG091701BF	0.207	12	5	1	6
EOG091701BK	0.31	14	6	2	6
EOG0917008O	0.654	14	6	2	6
EOG0917073U	0.338	13	6	1	6
EOG091706EN	0.668	10	4	2	4
EOG09170735	0.543	7	4	1	2
EOG09170084	0.384	12	5	2	5
EOG09170087	0.569	14	6	2	6
EOG09170082	0.258	14	6	2	6
EOG09170A3T	0.245	11	5	2	4
EOG0917055U	0.212	14	6	2	6
EOG09170BCI	0.7	10	5	1	4
EOG09170CK9	0.229	4	0	2	2
EOG091702GN	0.318	14	6	2	6
EOG091703OM	0.794	14	6	2	6
EOG091703O1	0.507	14	6	2	6
EOG091708U3	0.276	11	5	1	5
EOG091701YS	0.591	14	6	2	6
EOG091706KZ	0.414	14	6	2	6
EOG091707CQ	0.76	14	6	2	6
EOG0917039J	0.659	13	5	2	6
EOG091707CV	0.649	13	5	2	6
EOG091701XI	0.247	14	6	2	6
EOG091701XW	0.378	14	6	2	6
EOG091700FW	0.254	14	6	2	6
EOG091700FF	0.668	14	6	2	6
EOG091704BH	0.627	13	5	2	6
EOG091704BZ	0.419	12	5	1	6
EOG09170572	0.348	14	6	2	6
EOG0917057W	0.745	14	6	2	6
EOG0917057O	0.653	13	6	2	5
EOG091702AT	0.556	14	6	2	6
EOG091703ML	0.246	13	5	2	6
EOG091703MT	0.218	14	6	2	6
EOG091703MR	0.403	13	5	2	6
EOG09170A5R	0.398	11	5	2	4
EOG0917038Z	0.609	14	6	2	6
EOG091700D1	0.776	14	6	2	6
EOG091700DS	0.346	14	6	2	6
EOG091700DY	0.598	14	6	2	6
EOG091705B5	0.616	12	5	2	5
EOG091708RD	0.254	11	6	1	4
EOG0917059W	0.89	14	6	2	6
EOG0917059K	0.307	13	6	1	6
EOG091709FH	0.209	4	1	2	1
EOG091702CS	0.247	7	2	2	3
EOG091706FD	0.221	13	5	2	6
EOG091702C9	0.579	14	6	2	6
EOG091703KS	0.36	12	6	1	5
EOG091700Y5	0.88	14	6	2	6
EOG091700YA	0.292	12	4	2	6
EOG091700YE	0.439	14	6	2	6
EOG091703K5	0.267	14	6	2	6
EOG091701U4	0.38	14	6	2	6
EOG091701UR	0.235	14	6	2	6
EOG091701UP	0.461	13	5	2	6
EOG091701UW	0.786	14	6	2	6
EOG091701UV	0.222	14	6	2	6
EOG091701UJ	0.884	14	6	2	6
EOG091707G1	0.228	4	2	1	1
EOG091708DW	0.542	6	3	1	2
EOG091703VE	0.254	14	6	2	6
EOG091703VQ	0.314	14	6	2	6
EOG091703V1	0.203	13	5	2	6
EOG09170BV4	0.233	3	1	1	1
EOG091702MA	0.902	14	6	2	6
EOG091702MB	0.256	5	1	2	2
EOG091702MI	0.563	13	6	1	6
EOG091707K1	0.264	4	1	1	2
EOG091703IP	0.369	11	5	1	5
EOG091708MN	0.24	4	1	1	2
EOG0917044T	0.224	14	6	2	6
EOG091703I0	0.2	14	6	2	6
EOG091701WE	0.215	6	2	2	2
EOG09170259	0.38	14	6	2	6
EOG0917025K	0.469	14	6	2	6
EOG0917025N	0.332	14	6	2	6
EOG0917025G	0.893	13	5	2	6
EOG091707ET	0.541	13	5	2	6
EOG091707EW	0.609	14	6	2	6
EOG09170B6Z	0.237	9	3	2	4
EOG091705F9	0.226	14	6	2	6
EOG091705FU	0.402	13	6	1	6
EOG091703T2	0.294	14	6	2	6
EOG09170BKB	0.8	12	5	1	6
EOG09170BKU	0.325	5	1	1	3
EOG091702OZ	0.636	14	6	2	6
EOG091702OF	0.23	14	6	2	6
EOG091706MT	0.324	14	6	2	6
EOG091702O0	0.437	14	6	2	6
EOG091702O5	0.492	12	4	2	6
EOG091706MQ	0.247	5	1	1	3
EOG091704JG	0.368	9	3	2	4
EOG0917049F	0.788	13	5	2	6
EOG0917049R	0.521	13	5	2	6
EOG0917049P	0.559	14	6	2	6
EOG09170272	0.364	14	6	2	6
EOG0917027E	0.878	14	6	2	6
EOG0917027O	0.262	11	3	2	6
EOG0917027Y	0.692	14	6	2	6
EOG091708LV	0.655	13	6	1	6
EOG091704ZN	0.362	13	5	2	6
EOG091704Z9	0.298	14	6	2	6
EOG09170B0E	0.225	9	4	1	4
EOG09170BJX	0.245	4	0	1	3
EOG091702T3	0.429	12	5	2	5
EOG091702T6	0.811	14	6	2	6
EOG091703RB	0.867	14	6	2	6
EOG0917006R	0.852	14	6	2	6
EOG091709LV	0.287	12	5	1	6
EOG09170688	0.839	12	5	1	6
EOG09170687	0.52	12	5	2	5
EOG0917068W	0.217	12	5	1	6
EOG0917068A	0.248	11	5	1	5
EOG0917068E	0.746	14	6	2	6
EOG091702IA	0.74	13	5	2	6
EOG091700S7	0.211	14	6	2	6
EOG091700S9	0.379	14	6	2	6
EOG091700SU	0.589	11	5	2	4
EOG091701SJ	0.559	14	6	2	6
EOG091701SU	0.496	14	6	2	6
EOG0917064S	0.83	6	2	1	3
EOG091705MH	0.782	14	6	2	6
EOG09170217	0.37	14	6	2	6
EOG091705MC	0.29	14	6	2	6
EOG091707YB	0.756	13	6	2	5
EOG09170ARV	0.511	12	5	2	5
EOG091702VI	0.255	14	6	2	6
EOG091702VF	0.217	14	6	2	6
EOG091702VB	0.421	14	6	2	6
EOG091703PW	0.23	14	6	2	6
EOG0917004R	0.206	14	6	2	6
EOG0917004T	0.554	13	5	2	6
EOG0917004V	0.249	14	6	2	6
EOG091709NG	0.431	8	2	2	4
EOG09170BWC	0.432	7	2	1	4
EOG091702KE	0.351	8	4	1	3
EOG091702K1	0.553	14	6	2	6
EOG09170AIO	0.373	12	5	2	5
EOG091700QE	0.301	14	6	2	6
EOG091701M6	0.259	14	6	2	6
EOG0917018F	0.209	13	6	1	6
EOG09170188	0.561	14	6	2	6
EOG091706A2	0.341	7	3	1	3
EOG091705QH	0.241	7	4	1	2
EOG091702PG	0.395	9	4	2	3
EOG091702PK	0.203	12	4	2	6
EOG091702PJ	0.385	14	6	2	6
EOG091702PR	0.241	13	5	2	6
EOG09170778	0.201	13	6	1	6
EOG091704VK	0.222	13	5	2	6
EOG09170C0R	0.218	5	2	1	2
EOG091702P6	0.296	14	6	2	6
EOG091702P3	0.328	14	6	2	6
EOG091708JC	0.202	13	5	2	6
EOG091705LY	0.343	13	5	2	6
EOG091705LI	0.867	13	5	2	6
EOG091709H4	0.238	14	6	2	6
EOG091709H5	0.326	14	6	2	6
EOG091700WJ	0.25	14	6	2	6
EOG0917043M	0.288	14	6	2	6
EOG0917043C	0.648	14	6	2	6
EOG09170439	0.439	14	6	2	6
EOG091701OW	0.295	13	5	2	6
EOG091701OV	0.813	14	6	2	6
EOG091701OD	0.809	14	6	2	6
EOG0917099U	0.259	13	6	1	6
EOG09170A55	0.493	8	3	2	3
EOG0917065F	0.539	5	2	1	2
EOG091702RJ	0.711	14	6	2	6
EOG091705N7	0.281	14	6	2	6
EOG091705N9	0.309	14	6	2	6
EOG091704KN	0.749	13	6	1	6
EOG0917037R	0.442	14	6	2	6
EOG091700U2	0.31	14	6	2	6
EOG091700UM	0.354	13	5	2	6
EOG091701I5	0.238	14	6	2	6
EOG091701I3	0.253	10	4	2	4
EOG0917041W	0.604	13	6	1	6
EOG09170148	0.278	14	6	2	6
EOG091707SG	0.351	12	5	1	6
EOG091707SR	0.21	12	5	2	5
EOG091705UT	0.658	3	1	1	1
EOG091704R8	0.785	13	5	2	6
EOG091704RV	0.305	14	6	2	6
EOG091704RQ	0.201	10	3	2	5
EOG091704RP	0.293	11	5	2	4
EOG091704RJ	0.398	13	5	2	6
EOG09170B37	0.273	4	2	1	1
EOG091703Z5	0.317	13	5	2	6
EOG091709TW	0.333	11	5	2	4
EOG091709T5	0.864	13	5	2	6
EOG091708YK	0.244	6	2	1	3
EOG091700KH	0.734	14	6	2	6
EOG091701KB	0.296	14	6	2	6
EOG091701KX	0.757	14	6	2	6
EOG0917029N	0.574	13	5	2	6
EOG0917029J	0.34	14	6	2	6
EOG091704O9	0.23	14	6	2	6
EOG09170163	0.254	14	6	2	6
EOG09170160	0.252	14	6	2	6
EOG0917016H	0.824	14	6	2	6
EOG0917016F	0.266	14	6	2	6
EOG09170296	0.662	14	6	2	6
EOG0917083K	0.203	13	6	1	6
EOG091705WJ	0.714	14	6	2	6
EOG091704P5	0.827	9	4	1	4
EOG091704P4	0.571	14	6	2	6
EOG091704PU	0.217	14	6	2	6
EOG091704PE	0.436	14	6	2	6
EOG091703XR	0.78	13	6	2	5
EOG091708LX	0.223	13	6	1	6
EOG091703X8	0.334	12	4	2	6
EOG091706O8	0.874	13	5	2	6
EOG091706VM	0.524	13	6	1	6
EOG09170339	0.432	12	5	1	6
EOG0917033M	0.562	12	6	1	5
EOG0917033P	0.21	7	3	1	3
EOG091706OZ	0.553	13	5	2	6
EOG09170585	0.221	14	6	2	6
EOG091700I8	0.584	14	6	2	6
EOG0917073O	0.89	14	6	2	6
EOG091701EQ	0.247	12	5	2	5
EOG091704M1	0.494	13	6	1	6
EOG0917010B	0.653	14	6	2	6
EOG0917010X	0.296	14	6	2	6
EOG091704MU	0.233	11	3	2	6
EOG091705Y7	0.293	14	6	2	6
EOG09170A3H	0.249	8	4	1	3
EOG091705YA	0.9	14	6	2	6
EOG091702XJ	0.535	12	5	1	6
EOG091702X7	0.321	11	5	2	4
EOG091703FF	0.706	13	5	2	6
EOG0917031T	0.828	13	5	2	6
EOG0917031G	0.248	14	6	2	6
EOG091707JN	0.873	13	5	2	6
EOG091700O1	0.291	14	6	2	6
EOG091701GK	0.617	14	6	2	6
EOG091701G6	0.585	14	6	2	6
EOG091701G8	0.286	14	6	2	6
EOG0917087H	0.295	13	5	2	6
EOG0917078F	0.569	14	6	2	6
EOG09170875	0.238	12	5	1	6
EOG091703DX	0.424	14	6	2	6
EOG091703D5	0.475	14	6	2	6
EOG091706YC	0.254	4	1	1	2
EOG091707HV	0.35	13	5	2	6
EOG091708K5	0.73	7	1	2	4
