EOG091700MG	0.672	14	6	2	6
EOG091708KE	0.621	10	5	0	5
EOG091704IM	0.843	14	6	2	6
EOG0917050B	0.818	13	5	2	6
EOG091702DT	0.531	14	6	2	6
EOG091701CP	0.898	13	6	1	6
EOG091701CO	0.668	13	6	1	6
EOG091708QF	0.809	13	6	1	6
EOG09170548	0.873	14	6	2	6
EOG0917009R	0.72	12	6	1	5
EOG091700ZT	0.528	14	6	2	6
EOG091701XE	0.864	12	5	1	6
EOG0917039U	0.746	12	5	1	6
EOG091707BK	0.861	12	5	1	6
EOG091700X1	0.747	14	6	2	6
EOG091700EN	0.715	13	6	1	6
EOG091700E7	0.848	14	6	2	6
EOG091704AH	0.602	14	6	2	6
EOG091702LL	0.929	13	6	1	6
EOG0917024K	0.914	13	6	1	6
EOG0917024O	0.542	13	6	1	6
EOG09170AWK	0.696	11	4	1	6
EOG091707NM	0.86	11	5	0	6
EOG0917003C	0.565	14	6	2	6
EOG0917003N	0.74	14	6	2	6
EOG091708CX	0.701	11	5	2	4
EOG091709CF	0.849	12	6	0	6
EOG091707DP	0.573	12	5	1	6
EOG091709M4	0.551	13	6	1	6
EOG091700RJ	0.813	14	6	2	6
EOG0917007P	0.581	14	6	2	6
EOG091702J8	0.7	14	6	2	6
EOG091702JI	0.775	14	6	2	6
EOG0917005E	0.577	14	6	2	6
EOG0917005Y	0.537	14	6	2	6
EOG091700VC	0.566	14	6	2	6
EOG091708NS	0.874	14	6	2	6
EOG0917042E	0.797	14	6	2	6
EOG091707RC	0.774	14	6	2	6
EOG091709K3	0.805	9	4	0	5
EOG091700TJ	0.749	14	6	2	6
EOG09170AJ8	0.595	9	4	0	5
EOG0917075F	0.537	14	6	2	6
EOG0917017V	0.673	14	6	2	6
EOG091705TD	0.785	13	6	1	6
EOG09170829	0.72	8	5	0	3
EOG091704SN	0.604	11	5	1	5
EOG09170C38	0.777	13	6	1	6
EOG091704LB	0.551	14	6	2	6
EOG091701J2	0.69	13	6	1	6
EOG0917061R	0.86	12	5	1	6
EOG09170A1Q	0.521	12	5	1	6
EOG091701DK	0.531	14	6	2	6
EOG091705XQ	0.547	13	6	1	6
EOG091707IM	0.673	14	6	2	6
EOG091704HU	0.539	14	6	2	6
EOG091705ZT	0.879	14	6	2	6
EOG0917051A	0.563	13	5	2	6
EOG091704LW	0.656	12	6	0	6
EOG091702EL	0.518	12	5	2	5
EOG091703A1	0.687	9	4	1	4
EOG091703A7	0.865	14	6	2	6
EOG091705KE	0.588	14	6	2	6
EOG0917062W	0.511	13	5	2	6
EOG091707MW	0.886	14	6	2	6
EOG091701BZ	0.613	14	6	2	6
EOG0917008E	0.906	14	6	2	6
EOG091702G4	0.895	13	6	1	6
EOG091701YS	0.565	14	6	2	6
EOG091707CX	0.827	12	6	1	5
EOG091707CL	0.587	13	6	1	6
EOG091700F8	0.853	13	6	1	6
EOG091700FF	0.685	14	6	2	6
EOG091704BH	0.543	13	5	2	6
EOG0917057W	0.654	14	6	2	6
EOG0917057H	0.823	13	6	1	6
EOG0917057N	0.614	6	2	1	3
EOG091702AT	0.53	14	6	2	6
EOG091702AX	0.863	11	5	1	5
EOG0917038C	0.835	13	5	2	6
EOG091700DY	0.574	14	6	2	6
EOG091708MY	0.657	9	5	1	3
EOG09170445	0.673	10	4	1	5
EOG091702MI	0.571	13	6	1	6
EOG091702M4	0.845	14	6	2	6
EOG091703IC	0.845	10	4	1	5
EOG091703IF	0.836	14	6	2	6
EOG091703I9	0.771	14	6	2	6
EOG091705F9	0.576	14	6	2	6
EOG091702OZ	0.636	14	6	2	6
EOG091706MC	0.894	14	6	2	6
EOG091702O3	0.896	14	6	2	6
EOG0917027Y	0.694	14	6	2	6
EOG091706PH	0.506	12	6	0	6
EOG091702TN	0.861	11	6	0	5
EOG091702TL	0.807	14	6	2	6
EOG0917068M	0.688	11	5	0	6
EOG091701S2	0.605	10	6	0	4
EOG0917047Y	0.743	14	6	2	6
EOG0917047Z	0.583	14	6	2	6
EOG091702VB	0.693	14	6	2	6
EOG091704X6	0.827	14	6	2	6
EOG0917004T	0.568	13	5	2	6
EOG091707EZ	0.898	14	6	2	6
EOG091701M5	0.82	13	6	1	6
EOG0917098P	0.745	13	6	2	5
EOG091709HR	0.708	12	5	1	6
EOG09170AKS	0.862	11	5	1	5
EOG091706Y9	0.652	14	6	2	6
EOG091700UG	0.539	14	6	2	6
EOG091701IS	0.912	14	6	2	6
EOG091701IO	0.563	14	6	2	6
EOG091707S8	0.512	13	6	2	5
EOG091708N9	0.708	12	6	1	5
EOG091700KZ	0.632	14	6	2	6
EOG0917029Z	0.791	14	6	2	6
EOG091703X3	0.565	14	6	2	6
EOG091705P3	0.63	14	6	2	6
EOG0917033M	0.504	12	6	1	5
EOG09170BDD	0.567	4	2	0	2
EOG091702X8	0.716	14	6	2	6
EOG09170312	0.588	14	6	2	6
EOG0917031P	0.627	14	6	2	6
EOG0917031S	0.661	14	6	2	6
EOG0917031J	0.688	14	6	2	6
EOG091707J5	0.588	9	4	1	4
EOG091700O7	0.863	14	6	2	6
EOG091707UA	0.59	11	5	1	5
EOG091707UN	0.877	12	6	0	6
EOG09170BF4	0.515	10	4	0	6
EOG091707HL	0.674	13	6	2	5
