EOG091700MJ	0.542	14	6	2	6
EOG091700M7	0.928	14	6	2	6
EOG091701AU	0.636	14	6	2	6
EOG091704IU	0.904	14	6	2	6
EOG091702DH	0.292	13	6	1	6
EOG091703BR	0.228	14	6	2	6
EOG091706SV	0.229	8	2	2	4
EOG091706H1	0.26	9	4	1	4
EOG091708R2	0.205	13	6	1	6
EOG091701CH	0.305	13	5	2	6
EOG0917052D	0.489	11	5	2	4
EOG091702F0	0.554	14	6	2	6
EOG091706JP	0.506	14	6	2	6
EOG091707LO	0.276	14	6	2	6
EOG091707LL	0.276	6	2	1	3
EOG091700AO	0.679	14	6	2	6
EOG091700AB	0.647	14	6	2	6
EOG091700AA	0.505	14	6	2	6
EOG091700AD	0.447	14	6	2	6
EOG091700A0	0.785	14	6	2	6
EOG091704E5	0.304	14	6	2	6
EOG0917054K	0.381	14	6	2	6
EOG0917009M	0.507	14	6	2	6
EOG091705AB	0.559	14	6	2	6
EOG091700ZM	0.307	14	6	2	6
EOG091700ZG	0.646	14	6	2	6
EOG091701XY	0.538	14	6	2	6
EOG091703N9	0.205	13	6	1	6
EOG091703NB	0.328	14	6	2	6
EOG091707B1	0.444	11	5	2	4
EOG091700GZ	0.484	14	6	2	6
EOG091700GP	0.618	14	6	2	6
EOG091703IJ	0.473	14	6	2	6
EOG0917015J	0.648	14	6	2	6
EOG091700XK	0.344	14	6	2	6
EOG091700XG	0.799	14	6	2	6
EOG091701ZY	0.284	14	6	2	6
EOG091703LT	0.268	14	6	2	6
EOG091703LI	0.427	4	1	0	3
EOG091700ER	0.348	14	6	2	6
EOG091700EP	0.332	14	6	2	6
EOG09170AUN	0.294	5	2	1	2
EOG091700EO	0.242	5	2	1	2
EOG09170AU2	0.262	6	2	1	3
EOG0917058O	0.249	11	4	2	5
EOG091703WA	0.899	14	6	2	6
EOG091701TP	0.242	12	5	1	6
EOG091701TA	0.511	14	6	2	6
EOG091701TN	0.632	13	6	1	6
EOG0917024E	0.912	14	6	2	6
EOG0917003U	0.219	14	6	2	6
EOG0917003W	0.56	12	5	2	5
EOG09170140	0.661	14	6	2	6
EOG091709CY	0.236	4	0	1	3
EOG091706BA	0.353	14	6	2	6
EOG091701VH	0.622	13	6	1	6
EOG09170481	0.234	14	6	2	6
EOG09170485	0.209	13	6	1	6
EOG091708FT	0.216	14	6	2	6
EOG0917001P	0.245	13	6	1	6
EOG091701VE	0.215	14	6	2	6
EOG09170BTZ	0.217	4	1	0	3
EOG091700RK	0.254	14	6	2	6
EOG091702H7	0.389	14	6	2	6
EOG091702HP	0.269	14	6	2	6
EOG09170B1J	0.282	4	2	0	2
EOG091702UX	0.734	14	6	2	6
EOG09170C1P	0.236	4	2	0	2
EOG091709OO	0.641	5	2	0	3
EOG09170ANK	0.404	10	4	1	5
EOG091702J6	0.52	14	6	2	6
EOG091702JR	0.858	14	6	2	6
EOG091706FG	0.203	11	5	2	4
EOG091701RK	0.241	14	6	2	6
EOG09170193	0.465	14	6	2	6
EOG0917022K	0.347	5	2	1	2
EOG0917022J	0.226	13	5	2	6
EOG0917022O	0.493	14	6	2	6
EOG0917019V	0.321	14	6	2	6
EOG091704YN	0.515	12	5	1	6
EOG091704Y2	0.203	13	6	1	6
EOG091704Y0	0.962	14	6	2	6
EOG0917005M	0.312	14	6	2	6
EOG091702WF	0.239	14	6	2	6
EOG091700VT	0.288	14	6	2	6
EOG091701LU	0.324	13	5	2	6
EOG091701LW	0.398	14	6	2	6
EOG091704WF	0.236	6	2	1	3
EOG091704WR	0.393	14	6	2	6
EOG091705OS	0.413	13	5	2	6
EOG091702QF	0.254	14	6	2	6
EOG091702QH	0.276	14	6	2	6
EOG091705ID	0.511	14	6	2	6
EOG091709KS	0.569	12	6	0	6
EOG091700TM	0.361	14	6	2	6
EOG091700TL	0.526	14	6	2	6
EOG0917040Y	0.212	14	6	2	6
EOG0917015B	0.254	14	6	2	6
EOG091705R3	0.519	14	6	2	6
EOG091704UO	0.212	14	6	2	6
EOG091704U2	0.465	14	6	2	6
EOG091704U4	0.246	14	6	2	6
EOG091706VR	0.244	11	5	1	5
EOG0917036W	0.584	13	5	2	6
EOG091708IO	0.341	13	6	2	5
EOG09170ADS	0.346	10	5	1	4
EOG09170ADJ	0.208	10	4	1	5
EOG091700JN	0.209	14	6	2	6
EOG091700JG	0.801	14	6	2	6
EOG091700J8	0.904	11	5	1	5
EOG091701HG	0.246	7	3	1	3
EOG09170C4C	0.313	3	0	1	2
EOG09170174	0.721	13	6	2	5
EOG09170172	0.225	14	6	2	6
EOG0917028S	0.341	14	6	2	6
EOG091705T1	0.489	13	5	2	6
EOG09170A6E	0.366	14	6	2	6
EOG091704S0	0.263	13	5	2	6
EOG091703Y7	0.638	12	5	1	6
EOG0917034W	0.283	9	3	2	4
EOG091700RB	0.512	14	6	2	6
EOG091700HZ	0.596	14	6	2	6
EOG091700HS	0.39	14	6	2	6
EOG0917011A	0.722	14	6	2	6
EOG0917011P	0.298	4	2	0	2
EOG09170624	0.331	14	6	2	6
EOG091701J2	0.617	13	6	1	6
EOG091704OZ	0.377	10	5	1	4
EOG091703G2	0.493	8	3	1	4
EOG091700NK	0.645	14	6	2	6
EOG091700NH	0.292	14	6	2	6
EOG09170A13	0.289	5	2	1	2
EOG0917013N	0.262	14	6	2	6
EOG091701DO	0.214	13	5	2	6
EOG091707V9	0.556	9	4	1	4
EOG091707VW	0.418	14	6	2	6
EOG091707VH	0.333	13	6	1	6
EOG091702YQ	0.275	10	4	2	4
EOG0917030W	0.787	14	6	2	6
EOG0917030P	0.31	13	6	2	5
EOG09170BZW	0.227	4	1	0	3
EOG091700L4	0.244	14	6	2	6
EOG091704HG	0.828	14	6	2	6
EOG091701FN	0.323	12	5	1	6
EOG0917070K	0.436	13	5	2	6
EOG0917089W	0.24	13	5	2	6
EOG091708D7	0.681	12	5	1	6
EOG09170BLD	0.27	14	6	2	6
EOG091700BA	0.322	14	6	2	6
EOG091700BN	0.274	14	6	2	6
EOG091704FA	0.47	14	6	2	6
EOG091704F0	0.834	12	5	1	6
EOG091704L2	0.291	14	6	2	6
EOG09170A1U	0.417	12	6	0	6
EOG091703AW	0.829	13	5	2	6
EOG0917062D	0.23	14	6	2	6
EOG091706IF	0.421	6	2	1	3
EOG0917062T	0.314	13	6	1	6
EOG091704DG	0.486	9	3	1	5
EOG091704DN	0.337	6	2	1	3
EOG0917008T	0.699	14	6	2	6
EOG09170734	0.328	14	6	2	6
EOG091707Y2	0.211	14	6	2	6
EOG091703OT	0.907	13	6	1	6
EOG091703O3	0.404	14	6	2	6
EOG091701YO	0.361	14	6	2	6
EOG091701YH	0.362	13	5	2	6
EOG091707CE	0.486	14	6	2	6
EOG091707YS	0.68	13	5	2	6
EOG091700FX	0.205	14	6	2	6
EOG091700FT	0.37	14	6	2	6
EOG091700FH	0.269	14	6	2	6
EOG091700FC	0.384	13	5	2	6
EOG091704BD	0.774	14	6	2	6
EOG091704BR	0.243	13	5	2	6
EOG0917071J	0.5	13	5	2	6
EOG091708ZX	0.442	10	4	1	5
EOG0917057Y	0.332	14	6	2	6
EOG0917057G	0.223	14	6	2	6
EOG0917038F	0.51	13	6	1	6
EOG091700D2	0.373	14	6	2	6
EOG091700D5	0.729	11	3	2	6
EOG091700D6	0.736	12	5	1	6
EOG091700DM	0.481	14	6	2	6
EOG0917077S	0.486	12	5	1	6
EOG091704M8	0.409	12	5	1	6
EOG0917059D	0.244	14	6	2	6
EOG091709FA	0.248	6	2	1	3
EOG091702CF	0.94	14	6	2	6
EOG091702CX	0.205	14	6	2	6
EOG091702CU	0.22	14	6	2	6
EOG091703KV	0.375	5	2	0	3
EOG091707GW	0.353	5	2	0	3
EOG091705DG	0.271	13	6	1	6
EOG0917002F	0.203	14	6	2	6
EOG09170020	0.324	14	6	2	6
EOG09170029	0.655	14	6	2	6
EOG091703VJ	0.279	14	6	2	6
EOG09170BI0	0.235	8	4	1	3
EOG091702MW	0.261	14	6	2	6
EOG091705JA	0.356	14	6	2	6
EOG091707K6	0.632	10	5	2	3
EOG091707KI	0.22	14	6	2	6
EOG091701W1	0.925	14	6	2	6
EOG091701WY	0.542	14	6	2	6
EOG091701WG	0.423	14	6	2	6
EOG091701WC	0.831	14	6	2	6
EOG0917000E	0.284	14	6	2	6
EOG0917000F	0.582	14	6	2	6
EOG0917000C	0.254	12	6	1	5
EOG09170BTD	0.36	6	2	1	3
EOG091703TS	0.247	14	6	2	6
EOG091705FB	0.597	14	6	2	6
EOG091709BQ	0.789	13	6	1	6
EOG091704JA	0.385	13	6	1	6
EOG091701Q5	0.735	14	6	2	6
EOG091701QY	0.369	10	3	2	5
EOG0917027U	0.759	13	5	2	6
EOG091706PH	0.452	12	6	0	6
EOG091702TF	0.629	14	6	2	6
EOG091702T8	0.215	14	6	2	6
EOG091703RV	0.264	14	6	2	6
EOG0917079Y	0.263	10	4	1	5
EOG0917006S	0.217	14	6	2	6
EOG091709F3	0.58	12	5	1	6
EOG09170BU6	0.254	4	1	1	2
EOG0917079E	0.253	13	6	2	5
EOG091702IT	0.578	14	6	2	6
EOG091702IQ	0.319	13	5	2	6
EOG091700SB	0.248	14	6	2	6
EOG0917047B	0.412	14	6	2	6
EOG091701SA	0.322	14	6	2	6
EOG091706EV	0.312	12	4	2	6
EOG09170AZE	0.2	6	1	1	4
EOG0917021D	0.678	13	6	1	6
EOG091702VY	0.445	14	6	2	6
EOG091702V6	0.744	13	6	2	5
EOG091703PD	0.309	7	3	2	2
EOG091703P8	0.621	14	6	2	6
EOG091702KV	0.323	13	5	2	6
EOG091701M2	0.626	14	6	2	6
EOG0917018U	0.258	11	5	2	4
EOG091701MX	0.762	14	6	2	6
EOG091701ME	0.559	9	4	2	3
EOG09170989	0.214	12	6	1	5
EOG0917023L	0.227	14	6	2	6
EOG0917023C	0.683	14	6	2	6
EOG091705Q7	0.399	14	6	2	6
EOG091702PD	0.211	14	6	2	6
EOG091702PI	0.839	13	5	2	6
EOG091704V5	0.279	13	5	2	6
EOG091706DQ	0.419	14	6	2	6
EOG091708XQ	0.21	14	6	2	6
EOG091706QS	0.39	14	6	2	6
EOG091708A3	0.422	6	2	1	3
EOG09170BQC	0.24	5	2	0	3
EOG091700WN	0.708	12	5	2	5
EOG091706Y8	0.21	12	6	1	5
EOG091701OX	0.528	14	6	2	6
EOG091701OQ	0.21	13	5	2	6
EOG091701OF	0.21	14	6	2	6
EOG091705SK	0.311	12	5	2	5
EOG091702RH	0.426	14	6	2	6
EOG091704TG	0.292	14	6	2	6
EOG09170BSI	0.295	6	1	1	4
EOG091709JN	0.61	9	4	2	3
EOG091700UE	0.323	14	6	2	6
EOG0917041Q	0.295	13	6	2	5
EOG0917014A	0.722	14	6	2	6
EOG091701IL	0.332	14	6	2	6
EOG09170A7K	0.285	9	5	0	4
EOG091705UW	0.309	14	6	2	6
EOG091704RL	0.364	13	5	2	6
EOG09170BFF	0.252	5	2	0	3
EOG091708J4	0.261	10	4	2	4
EOG091701KN	0.368	14	6	2	6
EOG0917029A	0.591	14	6	2	6
EOG091705WW	0.548	14	6	2	6
EOG0917033G	0.489	14	6	2	6
EOG0917081E	0.845	9	4	1	4
EOG09170BD0	0.452	7	3	0	4
EOG091702XL	0.328	14	6	2	6
EOG091703FZ	0.228	14	6	2	6
EOG091703FA	0.651	14	6	2	6
EOG091703FE	0.342	14	6	2	6
EOG091709PC	0.947	13	6	1	6
EOG091706Y3	0.343	8	3	1	4
EOG0917012E	0.448	8	4	1	3
EOG09170BFW	0.268	4	0	0	4
EOG091708PG	0.363	10	4	1	5
EOG09170BF3	0.223	13	5	2	6
EOG091702Z5	0.264	14	6	2	6
EOG091707HX	0.289	14	6	2	6
EOG091709R1	0.51	11	5	1	5
