EOG091700MM	0.426	14	6	2	6
EOG091700MJ	0.509	14	6	2	6
EOG091700MD	0.407	14	6	2	6
EOG091700ME	0.861	14	6	2	6
EOG091700MW	0.919	14	6	2	6
EOG0917096Q	0.825	14	6	2	6
EOG091701AV	0.952	14	6	2	6
EOG091706NJ	0.722	13	5	2	6
EOG091704IZ	0.673	13	5	2	6
EOG091704IR	0.84	14	6	2	6
EOG091704IQ	0.538	14	6	2	6
EOG091704IO	0.305	8	3	2	3
EOG091704IH	0.316	13	6	1	6
EOG091706Z8	0.247	9	2	2	5
EOG0917050R	0.615	13	5	2	6
EOG09170506	0.295	14	6	2	6
EOG0917075Z	0.629	13	5	2	6
EOG091702DV	0.701	14	6	2	6
EOG091702DF	0.653	14	6	2	6
EOG091703BS	0.974	14	6	2	6
EOG091703BD	0.908	14	6	2	6
EOG091706HI	0.4	13	5	2	6
EOG091706HM	0.931	14	6	2	6
EOG091706HR	0.2	11	5	2	4
EOG091708TH	0.562	12	4	2	6
EOG091706H8	0.203	13	6	1	6
EOG091705DQ	0.324	14	6	2	6
EOG091700CD	0.606	14	6	2	6
EOG091704GA	0.79	14	6	2	6
EOG091704GK	0.286	13	5	2	6
EOG091707XR	0.269	11	4	2	5
EOG091702FX	0.762	14	6	2	6
EOG091702FG	0.334	14	6	2	6
EOG0917067K	0.784	14	6	2	6
EOG091706JA	0.294	13	6	1	6
EOG091706ZY	0.372	13	6	1	6
EOG091700AY	0.355	14	6	2	6
EOG091700AH	0.969	14	6	2	6
EOG091700A7	0.53	14	6	2	6
EOG0917098D	0.567	11	5	2	4
EOG091705A5	0.774	13	5	2	6
EOG09170729	0.286	14	6	2	6
EOG0917054Q	0.34	14	6	2	6
EOG09170895	0.746	11	4	1	6
EOG0917009D	0.978	14	6	2	6
EOG0917009M	0.359	14	6	2	6
EOG0917009V	0.914	14	6	2	6
EOG0917009X	0.956	14	6	2	6
EOG091709EJ	0.278	14	6	2	6
EOG091700ZL	0.286	14	6	2	6
EOG091701XX	0.267	14	6	2	6
EOG091703NC	0.215	14	6	2	6
EOG091703NL	0.232	14	6	2	6
EOG091701X2	0.219	14	6	2	6
EOG091707BG	0.516	13	6	1	6
EOG0917040S	0.728	13	6	1	6
EOG091700GV	0.28	14	6	2	6
EOG091700GP	0.565	14	6	2	6
EOG091700GI	0.937	14	6	2	6
EOG0917040I	0.726	14	6	2	6
EOG091704C6	0.238	14	6	2	6
EOG091704CT	0.882	14	6	2	6
EOG0917056T	0.222	14	6	2	6
EOG09170568	0.773	13	5	2	6
EOG09170561	0.276	13	5	2	6
EOG091705CH	0.955	14	6	2	6
EOG091705GK	0.957	14	6	2	6
EOG091705GL	0.211	14	6	2	6
EOG091705GA	0.958	13	5	2	6
EOG091709GR	0.839	13	5	2	6
EOG091700XC	0.957	14	6	2	6
EOG091702BH	0.855	14	6	2	6
EOG091702BM	0.733	14	6	2	6
EOG091700X0	0.304	14	6	2	6
EOG091701ZJ	0.703	14	6	2	6
EOG091701ZD	0.236	13	6	2	5
EOG091701ZE	0.339	11	5	2	4
EOG091703L6	0.757	14	6	2	6
EOG091703LX	0.874	13	5	2	6
EOG091703LP	0.408	14	6	2	6
EOG0917091M	0.257	12	6	1	5
EOG091709ZO	0.403	14	6	2	6
EOG091700EH	0.969	14	6	2	6
EOG091706AN	0.523	13	6	1	6
EOG091700E2	0.955	11	5	1	5
EOG091704A5	0.224	14	6	2	6
EOG091707E9	0.693	12	6	1	5
EOG0917058G	0.761	13	6	1	6
EOG091703W9	0.823	12	5	2	5
EOG091703WJ	0.265	14	6	2	6
EOG091703WG	0.476	14	6	2	6
EOG091703WQ	0.922	14	6	2	6
EOG091703WP	0.973	14	6	2	6
EOG091702L5	0.348	14	6	2	6
EOG091702LE	0.322	14	6	2	6
EOG091702LZ	0.963	14	6	2	6
EOG091701TQ	0.83	14	6	2	6
EOG091701TX	0.277	14	6	2	6
EOG091701TH	0.929	13	5	2	6
EOG091703J1	0.338	14	6	2	6
EOG091703J2	0.221	12	5	2	5
EOG091703JT	0.836	13	6	1	6
EOG091703JJ	0.311	14	6	2	6
EOG091701T1	0.741	14	6	2	6
EOG0917024U	0.508	14	6	2	6
EOG0917041P	0.817	13	6	2	5
EOG091705GF	0.558	14	6	2	6
EOG091705GZ	0.7	12	5	1	6
EOG091705GU	0.653	14	6	2	6
EOG0917014K	0.224	14	6	2	6
EOG0917003X	0.691	14	6	2	6
EOG0917003I	0.887	13	5	2	6
EOG0917003M	0.202	14	6	2	6
EOG09170140	0.367	14	6	2	6
EOG09170142	0.843	14	6	2	6
EOG091703U0	0.213	14	6	2	6
EOG091703UK	0.279	14	6	2	6
EOG091702NH	0.222	13	6	1	6
EOG091706BG	0.865	13	6	1	6
EOG091701VI	0.447	14	6	2	6
EOG091703H2	0.341	14	6	2	6
EOG091701VQ	0.256	14	6	2	6
EOG091701VV	0.975	14	6	2	6
EOG091701VW	0.339	14	6	2	6
EOG091703HL	0.256	14	6	2	6
EOG091706B4	0.393	14	6	2	6
EOG0917026R	0.925	14	6	2	6
EOG0917048A	0.564	14	6	2	6
EOG09170B7Y	0.211	14	6	2	6
EOG091706LE	0.216	14	6	2	6
EOG0917001I	0.934	14	6	2	6
EOG091706LR	0.309	7	3	1	3
EOG091700RT	0.975	14	6	2	6
EOG091700RY	0.661	12	5	2	5
EOG091700RO	0.922	14	6	2	6
EOG091702H4	0.718	14	6	2	6
EOG091701PN	0.678	14	6	2	6
EOG091701PV	0.881	14	6	2	6
EOG091701P6	0.958	14	6	2	6
EOG091701P7	0.579	13	6	2	5
EOG091701P0	0.558	14	6	2	6
EOG0917020J	0.899	14	6	2	6
EOG0917020R	0.798	13	5	2	6
EOG091707ZC	0.22	14	6	2	6
EOG09170209	0.535	13	6	2	5
EOG091706U4	0.894	14	6	2	6
EOG0917007E	0.955	14	6	2	6
EOG0917007Y	0.963	14	6	2	6
EOG091702UL	0.289	14	6	2	6
EOG091702US	0.5	13	6	1	6
EOG091705K4	0.4	13	6	2	5
EOG091705K7	0.97	14	6	2	6
EOG09170079	0.9	14	6	2	6
EOG09170074	0.213	14	6	2	6
EOG09170077	0.964	14	6	2	6
EOG09170071	0.961	14	6	2	6
EOG091703Q5	0.262	14	6	2	6
EOG091703Q4	0.262	8	3	1	4
EOG091703QD	0.854	14	6	2	6
EOG09170690	0.338	13	5	2	6
EOG09170696	0.582	14	6	2	6
EOG091700PY	0.272	14	6	2	6
EOG091700PB	0.862	14	6	2	6
EOG091702J1	0.389	14	6	2	6
EOG091702J9	0.785	13	5	2	6
EOG091709BC	0.664	14	6	2	6
EOG091702JN	0.243	14	6	2	6
EOG091700P4	0.512	12	4	2	6
EOG091700P8	0.641	14	6	2	6
EOG091701RF	0.303	14	6	2	6
EOG091701RA	0.786	12	5	2	5
EOG091701R4	0.33	14	6	2	6
EOG09170193	0.415	14	6	2	6
EOG09170449	0.893	14	6	2	6
EOG0917022H	0.212	12	5	2	5
EOG0917022A	0.704	14	6	2	6
EOG0917022B	0.391	13	5	2	6
EOG091707X5	0.253	14	6	2	6
EOG09170225	0.677	14	6	2	6
EOG0917044M	0.604	14	6	2	6
EOG0917019T	0.771	14	6	2	6
EOG0917005C	0.311	14	6	2	6
EOG0917005H	0.455	14	6	2	6
EOG0917005S	0.641	14	6	2	6
EOG091706IO	0.531	8	2	1	5
EOG091705M7	0.236	14	6	2	6
EOG09170057	0.637	14	6	2	6
EOG091704NO	0.313	14	6	2	6
EOG091700VI	0.263	14	6	2	6
EOG091700VC	0.274	14	6	2	6
EOG091700V3	0.97	14	6	2	6
EOG091701LR	0.85	14	6	2	6
EOG091701LA	0.538	12	5	1	6
EOG091705PM	0.665	14	6	2	6
EOG091705PN	0.224	14	6	2	6
EOG09170746	0.314	14	6	2	6
EOG091704N2	0.963	14	6	2	6
EOG091704N7	0.551	13	6	1	6
EOG09170745	0.318	14	6	2	6
EOG091704WQ	0.326	13	5	2	6
EOG091702QL	0.375	14	6	2	6
EOG091702QV	0.286	13	5	2	6
EOG091702QR	0.461	14	6	2	6
EOG091708K2	0.825	14	6	2	6
EOG091705IH	0.373	13	5	2	6
EOG091706C2	0.799	13	6	2	5
EOG091705IZ	0.385	14	6	2	6
EOG091700TS	0.23	14	6	2	6
EOG091701NB	0.955	14	6	2	6
EOG091701NJ	0.751	14	6	2	6
EOG091701NI	0.383	14	6	2	6
EOG091701NO	0.711	13	5	2	6
EOG091701NM	0.898	14	6	2	6
EOG091701N8	0.975	14	6	2	6
EOG09170409	0.871	14	6	2	6
EOG0917040T	0.409	14	6	2	6
EOG0917015Z	0.373	14	6	2	6
EOG0917015I	0.45	14	6	2	6
EOG091704UJ	0.734	12	5	1	6
EOG091702S1	0.928	14	6	2	6
EOG091702SM	0.779	14	6	2	6
EOG091702SJ	0.69	7	3	1	3
EOG091702SI	0.364	14	6	2	6
EOG091708I0	0.452	14	6	2	6
EOG09170360	0.202	14	6	2	6
EOG09170ADD	0.596	13	6	1	6
EOG091700JS	0.914	14	6	2	6
EOG091700JI	0.256	14	6	2	6
EOG091700JN	0.217	14	6	2	6
EOG09170AD8	0.862	14	6	2	6
EOG091701HM	0.247	14	6	2	6
EOG091701HO	0.331	13	5	2	6
EOG091701H6	0.789	14	6	2	6
EOG091704NS	0.964	14	6	2	6
EOG0917073W	0.202	12	6	1	5
EOG0917017T	0.861	13	5	2	6
EOG09170285	0.931	14	6	2	6
EOG0917028H	0.938	14	6	2	6
EOG0917028B	0.974	14	6	2	6
EOG091704SK	0.68	13	6	1	6
EOG091704S9	0.314	13	6	2	5
EOG091704S6	0.227	14	6	2	6
EOG09170883	0.252	9	4	2	3
EOG0917034Q	0.947	14	6	2	6
EOG09170344	0.945	14	6	2	6
EOG091703YJ	0.476	13	6	1	6
EOG091703YO	0.313	14	6	2	6
EOG091700HH	0.882	14	6	2	6
EOG091700HK	0.218	14	6	2	6
EOG091700HJ	0.304	14	6	2	6
EOG09170AA2	0.282	14	6	2	6
EOG0917011B	0.531	14	6	2	6
EOG0917011R	0.361	14	6	2	6
EOG0917011Q	0.267	14	6	2	6
EOG091701JF	0.789	14	6	2	6
EOG091701JS	0.898	14	6	2	6
EOG091701JQ	0.439	13	5	2	6
EOG091705VK	0.829	14	6	2	6
EOG091705VE	0.792	14	6	2	6
EOG091707P2	0.222	13	5	2	6
EOG091704OD	0.264	13	5	2	6
EOG091704QV	0.791	12	5	2	5
EOG091704QD	0.559	14	6	2	6
EOG091705MQ	0.876	14	6	2	6
EOG091703G1	0.514	13	5	2	6
EOG091703GI	0.259	14	6	2	6
EOG091700NR	0.76	14	6	2	6
EOG0917013C	0.836	13	6	2	5
EOG091701DB	0.479	14	6	2	6
EOG091701DE	0.977	14	6	2	6
EOG091701DM	0.819	14	6	2	6
EOG091705XU	0.665	14	6	2	6
EOG091705XE	0.253	14	6	2	6
EOG091705XO	0.717	14	6	2	6
EOG091707VL	0.471	13	5	2	6
EOG091707VO	0.921	13	6	2	5
EOG091705X8	0.69	13	5	2	6
EOG09170790	0.23	14	6	2	6
EOG0917040M	0.705	13	5	2	6
EOG0917086W	0.256	12	5	1	6
EOG091705HM	0.384	12	5	2	5
EOG091702YE	0.92	14	6	2	6
EOG091702YW	0.955	14	6	2	6
EOG0917030J	0.965	14	6	2	6
EOG09170305	0.964	14	6	2	6
EOG091703EQ	0.93	13	5	2	6
EOG091703EL	0.264	14	6	2	6
EOG091707IC	0.665	14	6	2	6
EOG091704HB	0.339	14	6	2	6
EOG091701FM	0.924	14	6	2	6
EOG091701FA	0.901	14	6	2	6
EOG091704H5	0.915	14	6	2	6
EOG091705ZB	0.213	7	3	1	3
EOG091707TF	0.315	13	6	1	6
EOG09170720	0.296	11	5	2	4
EOG0917051C	0.288	14	6	2	6
EOG0917062L	0.298	12	5	1	6
EOG0917070N	0.231	14	6	2	6
EOG09170BGK	0.429	14	6	2	6
EOG091704LK	0.239	6	2	1	3
EOG0917067N	0.285	14	6	2	6
EOG091703CX	0.881	13	5	2	6
EOG091705AM	0.647	14	6	2	6
EOG091707OB	0.46	14	6	2	6
EOG091707OA	0.752	13	6	1	6
EOG091707EY	0.232	13	6	2	5
EOG091700BD	0.983	14	6	2	6
EOG091700BL	0.482	14	6	2	6
EOG091700BX	0.691	14	6	2	6
EOG091704FE	0.329	13	6	1	6
EOG091704FJ	0.826	14	6	2	6
EOG091704FN	0.837	13	5	2	6
EOG091706TC	0.206	6	2	1	3
EOG091707CP	0.78	14	6	2	6
EOG09170538	0.287	13	5	2	6
EOG0917053Z	0.256	7	2	2	3
EOG0917053S	0.696	14	6	2	6
EOG09170AOP	0.694	12	6	1	5
EOG0917072W	0.945	14	6	2	6
EOG091703AK	0.404	14	6	2	6
EOG0917062D	0.391	14	6	2	6
EOG091706IV	0.802	14	6	2	6
EOG091707M1	0.659	14	6	2	6
EOG091705KY	0.699	13	5	2	6
EOG091707MV	0.332	14	6	2	6
EOG091704DS	0.912	14	6	2	6
EOG091704DK	0.77	14	6	2	6
EOG091701BW	0.896	14	6	2	6
EOG091701BT	0.204	14	6	2	6
EOG091701BU	0.38	14	6	2	6
EOG091701BF	0.228	12	5	1	6
EOG091701BD	0.915	14	6	2	6
EOG0917008K	0.742	14	6	2	6
EOG0917073R	0.925	14	6	2	6
EOG09170089	0.327	14	6	2	6
EOG09170080	0.98	14	6	2	6
EOG09170083	0.916	14	6	2	6
EOG09170559	0.274	14	6	2	6
EOG091706EZ	0.808	13	6	1	6
EOG0917055U	0.424	14	6	2	6
EOG091702GG	0.862	14	6	2	6
EOG091703OY	0.506	14	6	2	6
EOG091709YV	0.504	12	5	1	6
EOG091701YC	0.945	14	6	2	6
EOG091701YL	0.615	14	6	2	6
EOG091701YS	0.333	14	6	2	6
EOG091701YP	0.735	14	6	2	6
EOG091701XM	0.857	13	6	1	6
EOG091707CU	0.203	14	6	2	6
EOG091701XJ	0.222	14	6	2	6
EOG091701XP	0.77	14	6	2	6
EOG091700F7	0.952	14	6	2	6
EOG091700FV	0.969	14	6	2	6
EOG091700FK	0.956	14	6	2	6
EOG091700FG	0.286	14	6	2	6
EOG091704BX	0.479	13	6	1	6
EOG09170AAY	0.239	14	6	2	6
EOG0917057Y	0.202	14	6	2	6
EOG0917057R	0.495	14	6	2	6
EOG091706L8	0.938	14	6	2	6
EOG091702AY	0.266	14	6	2	6
EOG091702AA	0.342	14	6	2	6
EOG091702AK	0.863	14	6	2	6
EOG091703MD	0.901	14	6	2	6
EOG091703MC	0.938	14	6	2	6
EOG091703MO	0.377	14	6	2	6
EOG091703MI	0.227	14	6	2	6
EOG091708XM	0.933	14	6	2	6
EOG09170A5R	0.211	11	5	2	4
EOG09170388	0.269	14	6	2	6
EOG0917038B	0.337	14	6	2	6
EOG0917038O	0.376	14	6	2	6
EOG091707AW	0.449	12	5	1	6
EOG091707AH	0.358	14	6	2	6
EOG091700DI	0.926	14	6	2	6
EOG091706E3	0.229	13	5	2	6
EOG0917063T	0.976	14	6	2	6
EOG091705BX	0.924	14	6	2	6
EOG091705BJ	0.282	12	5	2	5
EOG091705BL	0.333	14	6	2	6
EOG091704MF	0.876	12	5	2	5
EOG091704MH	0.208	14	6	2	6
EOG0917059W	0.239	14	6	2	6
EOG091709FK	0.327	12	5	1	6
EOG091709FL	0.756	14	6	2	6
EOG091706FE	0.805	13	6	2	5
EOG091702C5	0.568	14	6	2	6
EOG091702C0	0.35	14	6	2	6
EOG091703KU	0.382	14	6	2	6
EOG091703KT	0.38	13	5	2	6
EOG091703KR	0.204	14	6	2	6
EOG091700Y2	0.914	14	6	2	6
EOG091700Y9	0.914	14	6	2	6
EOG091700YQ	0.894	14	6	2	6
EOG091703K5	0.685	14	6	2	6
EOG091701UP	0.334	13	5	2	6
EOG091701UE	0.418	14	6	2	6
EOG091706F0	0.902	14	6	2	6
EOG0917090O	0.216	13	6	1	6
EOG091707GN	0.926	12	5	1	6
EOG091706GK	0.43	14	6	2	6
EOG09170993	0.271	13	5	2	6
EOG0917002O	0.207	14	6	2	6
EOG0917002M	0.376	13	5	2	6
EOG09170025	0.963	14	6	2	6
EOG09170024	0.658	14	6	2	6
EOG091703VI	0.655	12	6	2	4
EOG091703VR	0.573	14	6	2	6
EOG091703VU	0.7	14	6	2	6
EOG091703VV	0.949	14	6	2	6
EOG091702MF	0.937	14	6	2	6
EOG091702MH	0.832	13	6	2	5
EOG091702MI	0.227	13	6	1	6
EOG091702MJ	0.838	14	6	2	6
EOG091702MR	0.785	14	6	2	6
EOG091702MW	0.389	14	6	2	6
EOG0917044E	0.306	14	6	2	6
EOG091702M5	0.516	14	6	2	6
EOG091703IZ	0.702	14	6	2	6
EOG091703IM	0.375	14	6	2	6
EOG091703I5	0.914	14	6	2	6
EOG091706A8	0.683	14	6	2	6
EOG091701WU	0.915	14	6	2	6
EOG091701WQ	0.223	14	6	2	6
EOG091701WL	0.233	14	6	2	6
EOG091701WH	0.267	14	6	2	6
EOG0917025H	0.551	13	5	2	6
EOG091707EV	0.67	14	6	2	6
EOG0917025P	0.342	14	6	2	6
EOG09170AVS	0.281	12	5	1	6
EOG0917000R	0.893	14	6	2	6
EOG0917000G	0.867	14	6	2	6
EOG09170007	0.924	14	6	2	6
EOG091703TJ	0.675	14	6	2	6
EOG091703TV	0.556	12	5	2	5
EOG091705F8	0.708	14	6	2	6
EOG091705F9	0.308	14	6	2	6
EOG091705FN	0.331	13	5	2	6
EOG091705FP	0.257	14	6	2	6
EOG091706M4	0.256	13	6	1	6
EOG091709B3	0.545	13	6	2	5
EOG091702OS	0.977	14	6	2	6
EOG091702O0	0.379	14	6	2	6
EOG091702O5	0.402	12	4	2	6
EOG091704JN	0.323	13	6	1	6
EOG0917070V	0.284	13	6	1	6
EOG0917049L	0.888	13	6	2	5
EOG091701QK	0.22	14	6	2	6
EOG091701QP	0.964	14	6	2	6
EOG09170270	0.896	14	6	2	6
EOG091704Z7	0.214	14	6	2	6
EOG091702TH	0.31	14	6	2	6
EOG091702TY	0.395	14	6	2	6
EOG091702T7	0.901	14	6	2	6
EOG091703RA	0.302	14	6	2	6
EOG091703RV	0.372	14	6	2	6
EOG091703RW	0.804	14	6	2	6
EOG0917079Y	0.215	10	4	1	5
EOG09170066	0.976	14	6	2	6
EOG0917006D	0.252	14	6	2	6
EOG0917006V	0.553	14	6	2	6
EOG0917006S	0.21	14	6	2	6
EOG091703R4	0.241	13	5	2	6
EOG0917079G	0.943	13	6	1	6
EOG0917068Y	0.864	14	6	2	6
EOG0917068V	0.283	12	5	2	5
EOG091702IX	0.318	13	6	1	6
EOG091702IU	0.356	14	6	2	6
EOG091702IQ	0.282	13	5	2	6
EOG091702IJ	0.629	14	6	2	6
EOG091702I9	0.946	14	6	2	6
EOG091700S3	0.686	14	6	2	6
EOG091700S9	0.28	14	6	2	6
EOG091700SC	0.968	14	6	2	6
EOG091700SI	0.958	14	6	2	6
EOG091706E0	0.561	8	3	1	4
EOG0917047Q	0.284	9	4	2	3
EOG091701ST	0.27	14	6	2	6
EOG0917064J	0.579	12	4	2	6
EOG0917021K	0.931	14	6	2	6
EOG0917045V	0.526	14	6	2	6
EOG091707EN	0.447	13	6	1	6
EOG091702VI	0.524	14	6	2	6
EOG091702VC	0.818	14	6	2	6
EOG091702VX	0.244	14	6	2	6
EOG091702VT	0.685	14	6	2	6
EOG091704X0	0.859	14	6	2	6
EOG091704XY	0.856	11	5	2	4
EOG091704XR	0.912	14	6	2	6
EOG091703PZ	0.299	13	6	2	5
EOG091703PX	0.2	12	5	2	5
EOG091703PW	0.632	14	6	2	6
EOG091703PI	0.848	14	6	2	6
EOG091703PE	0.869	14	6	2	6
EOG091705J8	0.587	14	6	2	6
EOG091705J1	0.961	14	6	2	6
EOG0917004Q	0.823	14	6	2	6
EOG091702KQ	0.836	14	6	2	6
EOG091702KD	0.944	14	6	2	6
EOG091702KN	0.305	14	6	2	6
EOG091700QJ	0.833	13	5	2	6
EOG091700QA	0.248	14	6	2	6
EOG091700QU	0.69	14	6	2	6
EOG0917018E	0.341	14	6	2	6
EOG0917018P	0.556	14	6	2	6
EOG09170180	0.24	14	6	2	6
EOG091701MZ	0.487	14	6	2	6
EOG091701MY	0.214	14	6	2	6
EOG091701MH	0.362	14	6	2	6
EOG091701MO	0.334	14	6	2	6
EOG0917023Y	0.887	14	6	2	6
EOG0917023S	0.958	13	6	1	6
EOG0917023I	0.952	14	6	2	6
EOG091705QL	0.223	14	6	2	6
EOG091705BM	0.878	14	6	2	6
EOG091702PY	0.967	14	6	2	6
EOG09170778	0.351	13	6	1	6
EOG091704VH	0.27	14	6	2	6
EOG091705LM	0.232	13	5	2	6
EOG091706N5	0.298	13	5	2	6
EOG091700W8	0.202	7	4	1	2
EOG091700W6	0.812	14	6	2	6
EOG091700WW	0.96	14	6	2	6
EOG091701O8	0.27	14	6	2	6
EOG091701O3	0.957	14	6	2	6
EOG0917065P	0.849	13	6	1	6
EOG0917043O	0.548	14	6	2	6
EOG0917043K	0.945	12	5	1	6
EOG0917043E	0.475	14	6	2	6
EOG0917075H	0.83	14	6	2	6
EOG09170439	0.382	14	6	2	6
EOG091701OY	0.243	10	5	2	3
EOG091705SI	0.77	14	6	2	6
EOG091705SQ	0.215	14	6	2	6
EOG09170752	0.292	11	5	2	4
EOG091704TP	0.219	13	6	1	6
EOG091704TS	0.756	13	6	2	5
EOG091704KR	0.213	14	6	2	6
EOG09170379	0.853	14	6	2	6
EOG09170376	0.204	13	5	2	6
EOG091709J6	0.491	13	5	2	6
EOG0917037J	0.618	14	6	2	6
EOG0917037O	0.65	14	6	2	6
EOG091706XY	0.876	14	6	2	6
EOG091708SD	0.209	13	5	2	6
EOG091700U7	0.614	14	6	2	6
EOG091700U9	0.854	12	6	1	5
EOG091700UC	0.631	14	6	2	6
EOG091700UN	0.349	14	6	2	6
EOG091700UO	0.84	14	6	2	6
EOG091700UW	0.476	14	6	2	6
EOG0917014F	0.607	14	6	2	6
EOG0917041H	0.29	14	6	2	6
EOG091707SK	0.619	14	6	2	6
EOG091707S0	0.824	13	5	2	6
EOG091705U6	0.211	7	2	2	3
EOG091705U0	0.332	14	6	2	6
EOG091705U9	0.31	14	6	2	6
EOG091708L6	0.216	14	6	2	6
EOG09170B8T	0.258	7	2	1	4
EOG091704RQ	0.262	10	3	2	5
EOG091708N8	0.335	13	5	2	6
EOG091703Z4	0.292	13	6	2	5
EOG091703Z6	0.251	14	6	2	6
EOG0917035H	0.2	14	6	2	6
EOG0917035E	0.367	14	6	2	6
EOG091706IK	0.944	13	6	1	6
EOG091700K6	0.202	14	6	2	6
EOG091701KJ	0.541	14	6	2	6
EOG091701KD	0.688	13	5	2	6
EOG091701KY	0.921	12	5	2	5
EOG091701K9	0.252	14	6	2	6
EOG091701K4	0.431	13	5	2	6
EOG0917029J	0.439	14	6	2	6
EOG0917029V	0.297	10	4	2	4
EOG0917016K	0.918	14	6	2	6
EOG09170297	0.571	13	5	2	6
EOG091704P5	0.898	9	4	1	4
EOG091704P4	0.407	14	6	2	6
EOG091704PO	0.325	14	6	2	6
EOG091709VZ	0.203	14	6	2	6
EOG091706OT	0.882	14	6	2	6
EOG091700I2	0.288	14	6	2	6
EOG091700IH	0.236	14	6	2	6
EOG091700II	0.968	14	6	2	6
EOG091701EG	0.859	14	6	2	6
EOG091701EH	0.362	13	6	1	6
EOG091701EP	0.249	14	6	2	6
EOG091707WA	0.227	14	6	2	6
EOG09170101	0.964	14	6	2	6
EOG0917010K	0.548	14	6	2	6
EOG0917010S	0.219	14	6	2	6
EOG0917081X	0.941	13	6	1	6
EOG091705YY	0.843	13	5	2	6
EOG091706RX	0.944	12	5	1	6
EOG091702XH	0.273	14	6	2	6
EOG091702XY	0.454	12	5	2	5
EOG091703FA	0.47	14	6	2	6
EOG091707T3	0.888	14	6	2	6
EOG0917031G	0.675	14	6	2	6
EOG091707JS	0.698	14	6	2	6
EOG0917093T	0.731	13	5	2	6
EOG091700OS	0.452	14	6	2	6
EOG09170ACH	0.334	13	6	1	6
EOG091700OM	0.463	14	6	2	6
EOG091701GH	0.753	14	6	2	6
EOG091701GR	0.241	14	6	2	6
EOG091706QX	0.263	14	6	2	6
EOG091701GX	0.534	13	5	2	6
EOG091707UJ	0.404	13	5	2	6
EOG09170122	0.961	14	6	2	6
EOG0917012N	0.457	14	6	2	6
EOG0917012W	0.409	14	6	2	6
EOG0917012Y	0.851	13	6	1	6
EOG0917078W	0.258	6	3	1	2
EOG0917078A	0.552	5	3	1	1
EOG091702ZO	0.924	14	6	2	6
EOG091707TL	0.553	11	4	2	5
EOG091703DH	0.912	14	6	2	6
EOG0917066R	0.201	13	6	1	6
EOG0917066L	0.72	12	6	2	4
EOG091707HE	0.806	14	6	2	6
