EOG091700MJ	0.509	14	6	2	6
EOG091700ME	0.861	14	6	2	6
EOG091700MW	0.919	14	6	2	6
EOG0917096Q	0.825	14	6	2	6
EOG091701AV	0.952	14	6	2	6
EOG091706NJ	0.722	13	5	2	6
EOG091704IZ	0.673	13	5	2	6
EOG091704IR	0.84	14	6	2	6
EOG091704IQ	0.538	14	6	2	6
EOG0917050R	0.615	13	5	2	6
EOG0917075Z	0.629	13	5	2	6
EOG091702DV	0.701	14	6	2	6
EOG091702DF	0.653	14	6	2	6
EOG091703BS	0.974	14	6	2	6
EOG091703BD	0.908	14	6	2	6
EOG091706HM	0.931	14	6	2	6
EOG091708TH	0.562	12	4	2	6
EOG091700CD	0.606	14	6	2	6
EOG091704GA	0.79	14	6	2	6
EOG091702FX	0.762	14	6	2	6
EOG0917067K	0.784	14	6	2	6
EOG091700AH	0.969	14	6	2	6
EOG091700A7	0.53	14	6	2	6
EOG0917098D	0.567	11	5	2	4
EOG091705A5	0.774	13	5	2	6
EOG09170895	0.746	11	4	1	6
EOG0917009D	0.978	14	6	2	6
EOG0917009V	0.914	14	6	2	6
EOG0917009X	0.956	14	6	2	6
EOG091707BG	0.516	13	6	1	6
EOG0917040S	0.728	13	6	1	6
EOG091700GP	0.565	14	6	2	6
EOG091700GI	0.937	14	6	2	6
EOG0917040I	0.726	14	6	2	6
EOG091704CT	0.882	14	6	2	6
EOG09170568	0.773	13	5	2	6
EOG091705CH	0.955	14	6	2	6
EOG091705GK	0.957	14	6	2	6
EOG091705GA	0.958	13	5	2	6
EOG091709GR	0.839	13	5	2	6
EOG091700XC	0.957	14	6	2	6
EOG091702BH	0.855	14	6	2	6
EOG091702BM	0.733	14	6	2	6
EOG091701ZJ	0.703	14	6	2	6
EOG091703L6	0.757	14	6	2	6
EOG091703LX	0.874	13	5	2	6
EOG091700EH	0.969	14	6	2	6
EOG091706AN	0.523	13	6	1	6
EOG091700E2	0.955	11	5	1	5
EOG091707E9	0.693	12	6	1	5
EOG0917058G	0.761	13	6	1	6
EOG091703W9	0.823	12	5	2	5
EOG091703WQ	0.922	14	6	2	6
EOG091703WP	0.973	14	6	2	6
EOG091702LZ	0.963	14	6	2	6
EOG091701TQ	0.83	14	6	2	6
EOG091701TH	0.929	13	5	2	6
EOG091703JT	0.836	13	6	1	6
EOG091701T1	0.741	14	6	2	6
EOG0917024U	0.508	14	6	2	6
EOG0917041P	0.817	13	6	2	5
EOG091705GF	0.558	14	6	2	6
EOG091705GZ	0.7	12	5	1	6
EOG091705GU	0.653	14	6	2	6
EOG0917003X	0.691	14	6	2	6
EOG0917003I	0.887	13	5	2	6
EOG09170142	0.843	14	6	2	6
EOG091706BG	0.865	13	6	1	6
EOG091701VV	0.975	14	6	2	6
EOG0917026R	0.925	14	6	2	6
EOG0917048A	0.564	14	6	2	6
EOG0917001I	0.934	14	6	2	6
EOG091700RT	0.975	14	6	2	6
EOG091700RY	0.661	12	5	2	5
EOG091700RO	0.922	14	6	2	6
EOG091702H4	0.718	14	6	2	6
EOG091701PN	0.678	14	6	2	6
EOG091701PV	0.881	14	6	2	6
EOG091701P6	0.958	14	6	2	6
EOG091701P7	0.579	13	6	2	5
EOG091701P0	0.558	14	6	2	6
EOG0917020J	0.899	14	6	2	6
EOG0917020R	0.798	13	5	2	6
EOG09170209	0.535	13	6	2	5
EOG091706U4	0.894	14	6	2	6
EOG0917007E	0.955	14	6	2	6
EOG0917007Y	0.963	14	6	2	6
EOG091702US	0.5	13	6	1	6
EOG091705K7	0.97	14	6	2	6
EOG09170079	0.9	14	6	2	6
EOG09170077	0.964	14	6	2	6
EOG09170071	0.961	14	6	2	6
EOG091703QD	0.854	14	6	2	6
EOG09170696	0.582	14	6	2	6
EOG091700PB	0.862	14	6	2	6
EOG091702J9	0.785	13	5	2	6
EOG091709BC	0.664	14	6	2	6
EOG091700P4	0.512	12	4	2	6
EOG091700P8	0.641	14	6	2	6
EOG091701RA	0.786	12	5	2	5
EOG09170449	0.893	14	6	2	6
EOG0917022A	0.704	14	6	2	6
EOG09170225	0.677	14	6	2	6
EOG0917044M	0.604	14	6	2	6
EOG0917019T	0.771	14	6	2	6
EOG0917005S	0.641	14	6	2	6
EOG091706IO	0.531	8	2	1	5
EOG09170057	0.637	14	6	2	6
EOG091700V3	0.97	14	6	2	6
EOG091701LR	0.85	14	6	2	6
EOG091701LA	0.538	12	5	1	6
EOG091705PM	0.665	14	6	2	6
EOG091704N2	0.963	14	6	2	6
EOG091704N7	0.551	13	6	1	6
EOG091708K2	0.825	14	6	2	6
EOG091706C2	0.799	13	6	2	5
EOG091701NB	0.955	14	6	2	6
EOG091701NJ	0.751	14	6	2	6
EOG091701NO	0.711	13	5	2	6
EOG091701NM	0.898	14	6	2	6
EOG091701N8	0.975	14	6	2	6
EOG09170409	0.871	14	6	2	6
EOG091704UJ	0.734	12	5	1	6
EOG091702S1	0.928	14	6	2	6
EOG091702SM	0.779	14	6	2	6
EOG091702SJ	0.69	7	3	1	3
EOG09170ADD	0.596	13	6	1	6
EOG091700JS	0.914	14	6	2	6
EOG09170AD8	0.862	14	6	2	6
EOG091701H6	0.789	14	6	2	6
EOG091704NS	0.964	14	6	2	6
EOG0917017T	0.861	13	5	2	6
EOG09170285	0.931	14	6	2	6
EOG0917028H	0.938	14	6	2	6
EOG0917028B	0.974	14	6	2	6
EOG091704SK	0.68	13	6	1	6
EOG0917034Q	0.947	14	6	2	6
EOG09170344	0.945	14	6	2	6
EOG091700HH	0.882	14	6	2	6
EOG0917011B	0.531	14	6	2	6
EOG091701JF	0.789	14	6	2	6
EOG091701JS	0.898	14	6	2	6
EOG091705VK	0.829	14	6	2	6
EOG091705VE	0.792	14	6	2	6
EOG091704QV	0.791	12	5	2	5
EOG091704QD	0.559	14	6	2	6
EOG091705MQ	0.876	14	6	2	6
EOG091703G1	0.514	13	5	2	6
EOG091700NR	0.76	14	6	2	6
EOG0917013C	0.836	13	6	2	5
EOG091701DE	0.977	14	6	2	6
EOG091701DM	0.819	14	6	2	6
EOG091705XU	0.665	14	6	2	6
EOG091705XO	0.717	14	6	2	6
EOG091707VO	0.921	13	6	2	5
EOG091705X8	0.69	13	5	2	6
EOG0917040M	0.705	13	5	2	6
EOG091702YE	0.92	14	6	2	6
EOG091702YW	0.955	14	6	2	6
EOG0917030J	0.965	14	6	2	6
EOG09170305	0.964	14	6	2	6
EOG091703EQ	0.93	13	5	2	6
EOG091707IC	0.665	14	6	2	6
EOG091701FM	0.924	14	6	2	6
EOG091701FA	0.901	14	6	2	6
EOG091704H5	0.915	14	6	2	6
EOG091703CX	0.881	13	5	2	6
EOG091705AM	0.647	14	6	2	6
EOG091707OA	0.752	13	6	1	6
EOG091700BD	0.983	14	6	2	6
EOG091700BX	0.691	14	6	2	6
EOG091704FJ	0.826	14	6	2	6
EOG091704FN	0.837	13	5	2	6
EOG091707CP	0.78	14	6	2	6
EOG0917053S	0.696	14	6	2	6
EOG09170AOP	0.694	12	6	1	5
EOG0917072W	0.945	14	6	2	6
EOG091706IV	0.802	14	6	2	6
EOG091707M1	0.659	14	6	2	6
EOG091705KY	0.699	13	5	2	6
EOG091704DS	0.912	14	6	2	6
EOG091704DK	0.77	14	6	2	6
EOG091701BW	0.896	14	6	2	6
EOG091701BD	0.915	14	6	2	6
EOG0917008K	0.742	14	6	2	6
EOG0917073R	0.925	14	6	2	6
EOG09170080	0.98	14	6	2	6
EOG09170083	0.916	14	6	2	6
EOG091706EZ	0.808	13	6	1	6
EOG091702GG	0.862	14	6	2	6
EOG091703OY	0.506	14	6	2	6
EOG091709YV	0.504	12	5	1	6
EOG091701YC	0.945	14	6	2	6
EOG091701YL	0.615	14	6	2	6
EOG091701YP	0.735	14	6	2	6
EOG091701XM	0.857	13	6	1	6
EOG091701XP	0.77	14	6	2	6
EOG091700F7	0.952	14	6	2	6
EOG091700FV	0.969	14	6	2	6
EOG091700FK	0.956	14	6	2	6
EOG091706L8	0.938	14	6	2	6
EOG091702AK	0.863	14	6	2	6
EOG091703MD	0.901	14	6	2	6
EOG091703MC	0.938	14	6	2	6
EOG091708XM	0.933	14	6	2	6
EOG091700DI	0.926	14	6	2	6
EOG0917063T	0.976	14	6	2	6
EOG091705BX	0.924	14	6	2	6
EOG091704MF	0.876	12	5	2	5
EOG091709FL	0.756	14	6	2	6
EOG091706FE	0.805	13	6	2	5
EOG091702C5	0.568	14	6	2	6
EOG091700Y2	0.914	14	6	2	6
EOG091700Y9	0.914	14	6	2	6
EOG091700YQ	0.894	14	6	2	6
EOG091703K5	0.685	14	6	2	6
EOG091706F0	0.902	14	6	2	6
EOG091707GN	0.926	12	5	1	6
EOG09170025	0.963	14	6	2	6
EOG09170024	0.658	14	6	2	6
EOG091703VI	0.655	12	6	2	4
EOG091703VR	0.573	14	6	2	6
EOG091703VU	0.7	14	6	2	6
EOG091703VV	0.949	14	6	2	6
EOG091702MF	0.937	14	6	2	6
EOG091702MH	0.832	13	6	2	5
EOG091702MJ	0.838	14	6	2	6
EOG091702MR	0.785	14	6	2	6
EOG091702M5	0.516	14	6	2	6
EOG091703IZ	0.702	14	6	2	6
EOG091703I5	0.914	14	6	2	6
EOG091706A8	0.683	14	6	2	6
EOG091701WU	0.915	14	6	2	6
EOG0917025H	0.551	13	5	2	6
EOG091707EV	0.67	14	6	2	6
EOG0917000R	0.893	14	6	2	6
EOG0917000G	0.867	14	6	2	6
EOG09170007	0.924	14	6	2	6
EOG091703TJ	0.675	14	6	2	6
EOG091703TV	0.556	12	5	2	5
EOG091705F8	0.708	14	6	2	6
EOG091709B3	0.545	13	6	2	5
EOG091702OS	0.977	14	6	2	6
EOG0917049L	0.888	13	6	2	5
EOG091701QP	0.964	14	6	2	6
EOG09170270	0.896	14	6	2	6
EOG091702T7	0.901	14	6	2	6
EOG091703RW	0.804	14	6	2	6
EOG09170066	0.976	14	6	2	6
EOG0917006V	0.553	14	6	2	6
EOG0917079G	0.943	13	6	1	6
EOG0917068Y	0.864	14	6	2	6
EOG091702IJ	0.629	14	6	2	6
EOG091702I9	0.946	14	6	2	6
EOG091700S3	0.686	14	6	2	6
EOG091700SC	0.968	14	6	2	6
EOG091700SI	0.958	14	6	2	6
EOG091706E0	0.561	8	3	1	4
EOG0917064J	0.579	12	4	2	6
EOG0917021K	0.931	14	6	2	6
EOG0917045V	0.526	14	6	2	6
EOG091702VI	0.524	14	6	2	6
EOG091702VC	0.818	14	6	2	6
EOG091702VT	0.685	14	6	2	6
EOG091704X0	0.859	14	6	2	6
EOG091704XY	0.856	11	5	2	4
EOG091704XR	0.912	14	6	2	6
EOG091703PW	0.632	14	6	2	6
EOG091703PI	0.848	14	6	2	6
EOG091703PE	0.869	14	6	2	6
EOG091705J8	0.587	14	6	2	6
EOG091705J1	0.961	14	6	2	6
EOG0917004Q	0.823	14	6	2	6
EOG091702KQ	0.836	14	6	2	6
EOG091702KD	0.944	14	6	2	6
EOG091700QJ	0.833	13	5	2	6
EOG091700QU	0.69	14	6	2	6
EOG0917018P	0.556	14	6	2	6
EOG0917023Y	0.887	14	6	2	6
EOG0917023S	0.958	13	6	1	6
EOG0917023I	0.952	14	6	2	6
EOG091705BM	0.878	14	6	2	6
EOG091702PY	0.967	14	6	2	6
EOG091700W6	0.812	14	6	2	6
EOG091700WW	0.96	14	6	2	6
EOG091701O3	0.957	14	6	2	6
EOG0917065P	0.849	13	6	1	6
EOG0917043O	0.548	14	6	2	6
EOG0917043K	0.945	12	5	1	6
EOG0917075H	0.83	14	6	2	6
EOG091705SI	0.77	14	6	2	6
EOG091704TS	0.756	13	6	2	5
EOG09170379	0.853	14	6	2	6
EOG0917037J	0.618	14	6	2	6
EOG0917037O	0.65	14	6	2	6
EOG091706XY	0.876	14	6	2	6
EOG091700U7	0.614	14	6	2	6
EOG091700U9	0.854	12	6	1	5
EOG091700UC	0.631	14	6	2	6
EOG091700UO	0.84	14	6	2	6
EOG0917014F	0.607	14	6	2	6
EOG091707SK	0.619	14	6	2	6
EOG091707S0	0.824	13	5	2	6
EOG091706IK	0.944	13	6	1	6
EOG091701KJ	0.541	14	6	2	6
EOG091701KD	0.688	13	5	2	6
EOG091701KY	0.921	12	5	2	5
EOG0917016K	0.918	14	6	2	6
EOG09170297	0.571	13	5	2	6
EOG091704P5	0.898	9	4	1	4
EOG091706OT	0.882	14	6	2	6
EOG091700II	0.968	14	6	2	6
EOG091701EG	0.859	14	6	2	6
EOG09170101	0.964	14	6	2	6
EOG0917010K	0.548	14	6	2	6
EOG0917081X	0.941	13	6	1	6
EOG091705YY	0.843	13	5	2	6
EOG091706RX	0.944	12	5	1	6
EOG091707T3	0.888	14	6	2	6
EOG0917031G	0.675	14	6	2	6
EOG091707JS	0.698	14	6	2	6
EOG0917093T	0.731	13	5	2	6
EOG091701GH	0.753	14	6	2	6
EOG091701GX	0.534	13	5	2	6
EOG09170122	0.961	14	6	2	6
EOG0917012Y	0.851	13	6	1	6
EOG0917078A	0.552	5	3	1	1
EOG091702ZO	0.924	14	6	2	6
EOG091707TL	0.553	11	4	2	5
EOG091703DH	0.912	14	6	2	6
EOG0917066L	0.72	12	6	2	4
EOG091707HE	0.806	14	6	2	6
