EOG091700MG	0.672	14	6	2	6
EOG091708KE	0.621	10	5	0	5
EOG091704IM	0.843	14	6	2	6
EOG0917050B	0.818	13	5	2	6
EOG091702DT	0.531	14	6	2	6
EOG091702DG	0.209	14	6	2	6
EOG091706HA	0.231	4	1	0	3
EOG091707FM	0.218	10	4	1	5
EOG091701CP	0.898	13	6	1	6
EOG091701CO	0.668	13	6	1	6
EOG091704G9	0.279	14	6	2	6
EOG091707LZ	0.336	11	6	1	4
EOG091708QF	0.809	13	6	1	6
EOG091704EN	0.221	4	1	0	3
EOG091705A8	0.201	9	3	1	5
EOG09170548	0.873	14	6	2	6
EOG0917009R	0.72	12	6	1	5
EOG09170403	0.334	12	5	1	6
EOG09170BLG	0.243	4	2	1	1
EOG091700ZO	0.358	14	6	2	6
EOG091700ZL	0.234	14	6	2	6
EOG091700ZT	0.528	14	6	2	6
EOG091701XE	0.864	12	5	1	6
EOG0917039U	0.746	12	5	1	6
EOG091707BK	0.861	12	5	1	6
EOG0917040X	0.231	14	6	2	6
EOG09170BQ7	0.417	7	4	0	3
EOG091705CM	0.4	9	4	1	4
EOG09170BNG	0.279	8	4	1	3
EOG09170BNF	0.249	7	3	0	4
EOG091702B3	0.222	12	5	1	6
EOG091700X6	0.308	13	6	1	6
EOG091700X1	0.747	14	6	2	6
EOG091701Z8	0.259	5	3	1	1
EOG091701Z7	0.217	14	6	2	6
EOG091701Z2	0.446	11	6	1	4
EOG091700EN	0.715	13	6	1	6
EOG091700E7	0.848	14	6	2	6
EOG091708VB	0.204	5	3	1	1
EOG091704AH	0.602	14	6	2	6
EOG091704AT	0.289	10	3	2	5
EOG091704AX	0.249	14	6	2	6
EOG091703W1	0.23	14	6	2	6
EOG091709A2	0.215	11	5	0	6
EOG091702LF	0.311	13	6	1	6
EOG091702LL	0.929	13	6	1	6
EOG091707EL	0.286	14	6	2	6
EOG0917024K	0.914	13	6	1	6
EOG0917024O	0.542	13	6	1	6
EOG09170AWK	0.696	11	4	1	6
EOG09170B56	0.224	4	2	0	2
EOG091707NM	0.86	11	5	0	6
EOG0917003C	0.565	14	6	2	6
EOG0917003N	0.74	14	6	2	6
EOG091706NH	0.233	4	1	0	3
EOG091703U6	0.241	14	6	2	6
EOG091703U1	0.281	13	5	2	6
EOG091708CX	0.701	11	5	2	4
EOG091703UV	0.247	12	5	2	5
EOG091709CF	0.849	12	6	0	6
EOG09170488	0.483	14	6	2	6
EOG091707DP	0.573	12	5	1	6
EOG09170263	0.321	14	6	2	6
EOG0917048S	0.262	11	6	0	5
EOG091709M4	0.551	13	6	1	6
EOG091709MJ	0.391	6	3	1	2
EOG091700RJ	0.813	14	6	2	6
EOG091702H4	0.204	14	6	2	6
EOG091701PN	0.2	14	6	2	6
EOG091701PU	0.235	14	6	2	6
EOG09170B0S	0.226	12	6	1	5
EOG0917020Z	0.433	14	6	2	6
EOG091707Z6	0.445	9	4	2	3
EOG0917046A	0.257	14	6	2	6
EOG091707DH	0.318	13	6	2	5
EOG0917007P	0.581	14	6	2	6
EOG091700PU	0.395	14	6	2	6
EOG091702J8	0.7	14	6	2	6
EOG091702JI	0.775	14	6	2	6
EOG0917022I	0.265	14	6	2	6
EOG0917022B	0.202	13	5	2	6
EOG09170A8I	0.243	13	6	1	6
EOG0917005E	0.577	14	6	2	6
EOG0917005Y	0.537	14	6	2	6
EOG091702WC	0.412	13	5	2	6
EOG091702WR	0.2	14	6	2	6
EOG091702WX	0.233	14	6	2	6
EOG09170050	0.431	14	6	2	6
EOG091704NF	0.265	11	4	1	6
EOG091700VC	0.566	14	6	2	6
EOG091708NS	0.874	14	6	2	6
EOG091701LB	0.488	14	6	2	6
EOG09170429	0.301	13	6	1	6
EOG09170424	0.264	13	6	1	6
EOG0917042E	0.797	14	6	2	6
EOG091705P5	0.405	13	6	2	5
EOG091704WK	0.265	8	4	0	4
EOG091705OS	0.368	13	5	2	6
EOG091707RC	0.774	14	6	2	6
EOG091709K3	0.805	9	4	0	5
EOG091700TD	0.464	10	4	1	5
EOG091700TJ	0.749	14	6	2	6
EOG091700TS	0.201	14	6	2	6
EOG091700TY	0.251	14	6	2	6
EOG09170AJ8	0.595	9	4	0	5
EOG09170151	0.245	14	6	2	6
EOG09170158	0.335	14	6	2	6
EOG0917015Q	0.449	14	6	2	6
EOG091705RO	0.207	10	4	1	5
EOG0917075F	0.537	14	6	2	6
EOG091704UL	0.294	14	6	2	6
EOG091708AB	0.469	12	4	2	6
EOG09170ADI	0.249	4	1	0	3
EOG0917017V	0.673	14	6	2	6
EOG0917017D	0.29	14	6	2	6
EOG091705TD	0.785	13	6	1	6
EOG0917028O	0.487	13	6	1	6
EOG09170829	0.72	8	5	0	3
EOG091704SX	0.229	5	1	0	4
EOG091704SN	0.604	11	5	1	5
EOG09170APC	0.212	13	6	1	6
EOG09170AF1	0.248	9	5	0	4
EOG09170C38	0.777	13	6	1	6
EOG0917011G	0.252	14	6	2	6
EOG091704LB	0.551	14	6	2	6
EOG091701J2	0.69	13	6	1	6
EOG0917061R	0.86	12	5	1	6
EOG091703GQ	0.245	14	6	2	6
EOG091709Q5	0.405	13	6	1	6
EOG09170BXV	0.241	6	4	0	2
EOG09170A1Q	0.521	12	5	1	6
EOG0917013G	0.257	14	6	2	6
EOG091701DK	0.531	14	6	2	6
EOG091705XQ	0.547	13	6	1	6
EOG091707V6	0.443	8	5	1	2
EOG091707VQ	0.371	13	6	1	6
EOG091705HA	0.216	11	4	1	6
EOG091708UA	0.436	10	4	1	5
EOG0917030B	0.281	14	6	2	6
EOG09170BU3	0.215	5	3	0	2
EOG091707IM	0.673	14	6	2	6
EOG091704HU	0.539	14	6	2	6
EOG091701FF	0.309	14	6	2	6
EOG091705ZT	0.879	14	6	2	6
EOG0917051A	0.563	13	5	2	6
EOG0917051V	0.448	12	5	2	5
EOG091704LW	0.656	12	6	0	6
EOG091707OJ	0.322	14	6	2	6
EOG091702E8	0.227	14	6	2	6
EOG0917092M	0.462	8	4	0	4
EOG091702EU	0.283	14	6	2	6
EOG091702EL	0.518	12	5	2	5
EOG091703AM	0.214	13	5	2	6
EOG091703A1	0.687	9	4	1	4
EOG091703A7	0.865	14	6	2	6
EOG091705KE	0.588	14	6	2	6
EOG0917062W	0.511	13	5	2	6
EOG091707MW	0.886	14	6	2	6
EOG091707MA	0.251	12	5	2	5
EOG091701BZ	0.613	14	6	2	6
EOG091701BF	0.263	12	5	1	6
EOG0917008E	0.906	14	6	2	6
EOG0917008D	0.278	9	3	1	5
EOG0917008Y	0.457	14	6	2	6
EOG0917008Q	0.272	12	5	2	5
EOG091702G4	0.895	13	6	1	6
EOG09170BVK	0.267	9	3	0	6
EOG091708U7	0.25	10	5	0	5
EOG091701Y8	0.227	12	5	1	6
EOG091701YK	0.224	14	6	2	6
EOG091701YS	0.565	14	6	2	6
EOG091707CX	0.827	12	6	1	5
EOG091701XJ	0.232	14	6	2	6
EOG091707CL	0.587	13	6	1	6
EOG091701XS	0.276	14	6	2	6
EOG091700F8	0.853	13	6	1	6
EOG091700FF	0.685	14	6	2	6
EOG091704BH	0.543	13	5	2	6
EOG091704B9	0.231	4	2	1	1
EOG0917057W	0.654	14	6	2	6
EOG0917057H	0.823	13	6	1	6
EOG0917057N	0.614	6	2	1	3
EOG091709D2	0.401	11	6	1	4
EOG091702AT	0.53	14	6	2	6
EOG091702AX	0.863	11	5	1	5
EOG091703ML	0.498	13	5	2	6
EOG091703MX	0.491	14	6	2	6
EOG0917038C	0.835	13	5	2	6
EOG091700D1	0.21	14	6	2	6
EOG091700DS	0.298	14	6	2	6
EOG091700DY	0.574	14	6	2	6
EOG0917094N	0.259	12	6	1	5
EOG091700YE	0.439	14	6	2	6
EOG091703K5	0.263	14	6	2	6
EOG091701UR	0.236	14	6	2	6
EOG091706OV	0.204	14	6	2	6
EOG091706OP	0.2	14	6	2	6
EOG091707G5	0.448	13	5	2	6
EOG091707GQ	0.2	14	6	2	6
EOG09170A35	0.226	6	3	0	3
EOG091708MY	0.657	9	5	1	3
EOG09170445	0.673	10	4	1	5
EOG09170BI0	0.291	8	4	1	3
EOG091702MI	0.571	13	6	1	6
EOG091702MN	0.372	14	6	2	6
EOG091705JA	0.409	14	6	2	6
EOG091702M4	0.845	14	6	2	6
EOG091703IC	0.845	10	4	1	5
EOG091703IF	0.836	14	6	2	6
EOG091703I9	0.771	14	6	2	6
EOG09170259	0.311	14	6	2	6
EOG0917025K	0.457	14	6	2	6
EOG091705F9	0.576	14	6	2	6
EOG091709BK	0.305	14	6	2	6
EOG091702OZ	0.636	14	6	2	6
EOG091706MC	0.894	14	6	2	6
EOG091702O3	0.896	14	6	2	6
EOG091702O0	0.478	14	6	2	6
EOG09170AMQ	0.213	11	4	1	6
EOG09170490	0.447	14	6	2	6
EOG091701QO	0.427	14	6	2	6
EOG0917027Y	0.694	14	6	2	6
EOG091706PH	0.506	12	6	0	6
EOG091702TN	0.861	11	6	0	5
EOG091702TL	0.807	14	6	2	6
EOG091703RA	0.208	14	6	2	6
EOG09170681	0.421	14	6	2	6
EOG0917068M	0.688	11	5	0	6
EOG09170BUB	0.346	13	5	2	6
EOG091700S9	0.46	14	6	2	6
EOG091701S2	0.605	10	6	0	4
EOG0917047Y	0.743	14	6	2	6
EOG0917047Z	0.583	14	6	2	6
EOG091707Y7	0.307	4	3	0	1
EOG0917064O	0.28	11	5	2	4
EOG0917045V	0.373	14	6	2	6
EOG0917045U	0.304	14	6	2	6
EOG091702VI	0.254	14	6	2	6
EOG091702VF	0.225	14	6	2	6
EOG091702VB	0.693	14	6	2	6
EOG091704X6	0.827	14	6	2	6
EOG091703PW	0.237	14	6	2	6
EOG0917004T	0.568	13	5	2	6
EOG091707EZ	0.898	14	6	2	6
EOG091702K5	0.237	9	3	1	5
EOG091701M5	0.82	13	6	1	6
EOG09170BEI	0.265	4	2	0	2
EOG0917098P	0.745	13	6	2	5
EOG091705QU	0.424	13	5	2	6
EOG0917077C	0.238	11	5	1	5
EOG091706QT	0.276	13	6	1	6
EOG091709HR	0.708	12	5	1	6
EOG09170AKS	0.862	11	5	1	5
EOG091700WA	0.209	14	6	2	6
EOG091706Y9	0.652	14	6	2	6
EOG0917043C	0.304	14	6	2	6
EOG09170439	0.432	14	6	2	6
EOG0917075O	0.368	14	6	2	6
EOG091702RD	0.376	14	6	2	6
EOG091704T4	0.377	14	6	2	6
EOG091708HV	0.394	14	6	2	6
EOG091709JC	0.251	4	1	0	3
EOG091709J9	0.272	5	3	0	2
EOG091700UG	0.539	14	6	2	6
EOG091701IS	0.912	14	6	2	6
EOG09170BOV	0.264	5	2	0	3
EOG091701IO	0.563	14	6	2	6
EOG091707SA	0.315	5	3	1	1
EOG091707S8	0.512	13	6	2	5
EOG09170A7M	0.334	7	4	0	3
EOG091705U2	0.469	12	4	2	6
EOG09170BFF	0.206	5	2	0	3
EOG091708N9	0.708	12	6	1	5
EOG091709T8	0.27	10	4	1	5
EOG0917060R	0.211	14	6	2	6
EOG091700K9	0.34	14	6	2	6
EOG091700KZ	0.632	14	6	2	6
EOG091701KX	0.276	14	6	2	6
EOG0917029J	0.323	14	6	2	6
EOG0917029Z	0.791	14	6	2	6
EOG0917029V	0.263	10	4	2	4
EOG09170163	0.235	14	6	2	6
EOG091705WL	0.209	13	5	2	6
EOG091704PU	0.366	14	6	2	6
EOG091703XZ	0.454	14	6	2	6
EOG091703X3	0.565	14	6	2	6
EOG091705P3	0.63	14	6	2	6
EOG091706VM	0.392	13	6	1	6
EOG091709V5	0.229	5	3	1	1
EOG0917033M	0.504	12	6	1	5
EOG09170A3X	0.256	4	2	0	2
EOG091706RP	0.269	14	6	2	6
EOG09170BDD	0.567	4	2	0	2
EOG091702X8	0.716	14	6	2	6
EOG09170312	0.588	14	6	2	6
EOG0917031P	0.627	14	6	2	6
EOG0917031S	0.661	14	6	2	6
EOG0917031J	0.688	14	6	2	6
EOG0917031G	0.239	14	6	2	6
EOG091707J5	0.588	9	4	1	4
EOG091700O7	0.863	14	6	2	6
EOG091700OE	0.313	14	6	2	6
EOG091700OJ	0.224	14	6	2	6
EOG091707UA	0.59	11	5	1	5
EOG091707UN	0.877	12	6	0	6
EOG09170BF4	0.515	10	4	0	6
EOG091702ZJ	0.204	13	6	1	6
EOG091706YT	0.289	14	6	2	6
EOG091703DX	0.403	14	6	2	6
EOG09170933	0.229	7	4	0	3
EOG091707HH	0.314	13	5	2	6
EOG091707HL	0.674	13	6	2	5
EOG091707HZ	0.232	10	4	1	5
EOG091707HX	0.291	14	6	2	6
