EOG091700MJ	0.542	14	6	2	6
EOG091700M7	0.928	14	6	2	6
EOG091701AU	0.636	14	6	2	6
EOG091704IU	0.904	14	6	2	6
EOG091702F0	0.554	14	6	2	6
EOG091706JP	0.506	14	6	2	6
EOG091700AO	0.679	14	6	2	6
EOG091700AB	0.647	14	6	2	6
EOG091700AA	0.505	14	6	2	6
EOG091700A0	0.785	14	6	2	6
EOG0917009M	0.507	14	6	2	6
EOG091705AB	0.559	14	6	2	6
EOG091700ZG	0.646	14	6	2	6
EOG091701XY	0.538	14	6	2	6
EOG091700GP	0.618	14	6	2	6
EOG0917015J	0.648	14	6	2	6
EOG091700XG	0.799	14	6	2	6
EOG091703WA	0.899	14	6	2	6
EOG091701TA	0.511	14	6	2	6
EOG091701TN	0.632	13	6	1	6
EOG0917024E	0.912	14	6	2	6
EOG0917003W	0.56	12	5	2	5
EOG09170140	0.661	14	6	2	6
EOG091701VH	0.622	13	6	1	6
EOG091702UX	0.734	14	6	2	6
EOG091709OO	0.641	5	2	0	3
EOG091702J6	0.52	14	6	2	6
EOG091702JR	0.858	14	6	2	6
EOG091704YN	0.515	12	5	1	6
EOG091704Y0	0.962	14	6	2	6
EOG091705ID	0.511	14	6	2	6
EOG091709KS	0.569	12	6	0	6
EOG091700TL	0.526	14	6	2	6
EOG091705R3	0.519	14	6	2	6
EOG0917036W	0.584	13	5	2	6
EOG091700JG	0.801	14	6	2	6
EOG091700J8	0.904	11	5	1	5
EOG09170174	0.721	13	6	2	5
EOG091703Y7	0.638	12	5	1	6
EOG091700RB	0.512	14	6	2	6
EOG091700HZ	0.596	14	6	2	6
EOG0917011A	0.722	14	6	2	6
EOG091701J2	0.617	13	6	1	6
EOG091700NK	0.645	14	6	2	6
EOG091707V9	0.556	9	4	1	4
EOG0917030W	0.787	14	6	2	6
EOG091704HG	0.828	14	6	2	6
EOG091708D7	0.681	12	5	1	6
EOG091704F0	0.834	12	5	1	6
EOG091703AW	0.829	13	5	2	6
EOG0917008T	0.699	14	6	2	6
EOG091703OT	0.907	13	6	1	6
EOG091707YS	0.68	13	5	2	6
EOG091704BD	0.774	14	6	2	6
EOG0917071J	0.5	13	5	2	6
EOG0917038F	0.51	13	6	1	6
EOG091700D5	0.729	11	3	2	6
EOG091700D6	0.736	12	5	1	6
EOG091702CF	0.94	14	6	2	6
EOG09170029	0.655	14	6	2	6
EOG091707K6	0.632	10	5	2	3
EOG091701W1	0.925	14	6	2	6
EOG091701WY	0.542	14	6	2	6
EOG091701WC	0.831	14	6	2	6
EOG0917000F	0.582	14	6	2	6
EOG091705FB	0.597	14	6	2	6
EOG091709BQ	0.789	13	6	1	6
EOG091701Q5	0.735	14	6	2	6
EOG0917027U	0.759	13	5	2	6
EOG091702TF	0.629	14	6	2	6
EOG091709F3	0.58	12	5	1	6
EOG091702IT	0.578	14	6	2	6
EOG0917021D	0.678	13	6	1	6
EOG091702V6	0.744	13	6	2	5
EOG091703P8	0.621	14	6	2	6
EOG091701M2	0.626	14	6	2	6
EOG091701MX	0.762	14	6	2	6
EOG091701ME	0.559	9	4	2	3
EOG0917023C	0.683	14	6	2	6
EOG091702PI	0.839	13	5	2	6
EOG091700WN	0.708	12	5	2	5
EOG091701OX	0.528	14	6	2	6
EOG091709JN	0.61	9	4	2	3
EOG0917014A	0.722	14	6	2	6
EOG0917029A	0.591	14	6	2	6
EOG091705WW	0.548	14	6	2	6
EOG0917081E	0.845	9	4	1	4
EOG091703FA	0.651	14	6	2	6
EOG091709PC	0.947	13	6	1	6
EOG091709R1	0.51	11	5	1	5
