EOG091700MY	0.725	14	6	2	6
EOG091700MP	0.801	14	6	2	6
EOG091701AI	0.545	14	6	2	6
EOG091706SO	0.734	10	4	2	4
EOG091700CA	0.712	14	6	2	6
EOG091701CU	0.605	14	6	2	6
EOG091701CZ	0.631	14	6	2	6
EOG091706S6	0.547	14	6	2	6
EOG091704GC	0.78	14	6	2	6
EOG091706FM	0.921	13	5	2	6
EOG091706WK	0.869	14	6	2	6
EOG0917085V	0.521	12	6	1	5
EOG091704EA	0.544	9	3	2	4
EOG0917054S	0.733	9	5	1	3
EOG0917009I	0.858	14	6	2	6
EOG0917009Q	0.705	14	6	2	6
EOG091701XO	0.778	14	6	2	6
EOG0917015T	0.726	13	5	2	6
EOG091705GO	0.681	14	6	2	6
EOG091709G7	0.841	14	6	2	6
EOG091702BC	0.713	14	6	2	6
EOG091700X1	0.754	14	6	2	6
EOG091701ZK	0.874	13	5	2	6
EOG091701Z4	0.759	14	6	2	6
EOG091700E8	0.916	14	6	2	6
EOG091704AN	0.579	14	6	2	6
EOG091704AH	0.562	14	6	2	6
EOG091708CK	0.636	14	6	2	6
EOG091709A8	0.697	12	6	1	5
EOG091709AY	0.758	14	6	2	6
EOG091701T0	0.528	14	6	2	6
EOG091708DM	0.642	4	2	1	1
EOG09170B5A	0.684	10	4	1	5
EOG091705GC	0.552	13	5	2	6
EOG0917003N	0.714	14	6	2	6
EOG091703U6	0.719	14	6	2	6
EOG091702NY	0.716	13	5	2	6
EOG091707DP	0.586	12	5	1	6
EOG0917026Q	0.797	12	6	1	5
EOG0917048F	0.842	14	6	2	6
EOG091706UN	0.782	14	6	2	6
EOG091701PS	0.588	14	6	2	6
EOG0917046I	0.624	14	6	2	6
EOG0917007I	0.885	14	6	2	6
EOG0917069S	0.592	10	3	1	6
EOG091700PQ	0.893	14	6	2	6
EOG091701RT	0.772	14	6	2	6
EOG0917022F	0.816	14	6	2	6
EOG09170221	0.637	8	3	2	3
EOG0917019F	0.637	14	6	2	6
EOG091704YM	0.547	14	6	2	6
EOG0917005Y	0.545	14	6	2	6
EOG09170056	0.873	14	6	2	6
EOG091704NO	0.868	14	6	2	6
EOG091708EZ	0.766	14	6	2	6
EOG091700VC	0.561	14	6	2	6
EOG091705P7	0.557	12	5	2	5
EOG091704W7	0.726	14	6	2	6
EOG091702Q4	0.798	14	6	2	6
EOG091708KX	0.738	12	5	2	5
EOG091707RV	0.626	13	5	2	6
EOG091705IK	0.729	13	6	2	5
EOG09170BRM	0.506	5	1	1	3
EOG091705IO	0.818	14	6	2	6
EOG091700T8	0.596	14	6	2	6
EOG091706Z3	0.902	13	5	2	6
EOG0917015O	0.599	14	6	2	6
EOG091706CG	0.828	13	5	2	6
EOG091702S4	0.723	13	5	2	6
EOG091702SW	0.879	14	6	2	6
EOG091700JI	0.71	14	6	2	6
EOG0917081C	0.783	11	5	2	4
EOG0917073W	0.839	12	6	1	5
EOG0917017W	0.703	14	6	2	6
EOG091705TJ	0.845	11	4	1	6
EOG091706QO	0.501	14	6	2	6
EOG0917028J	0.854	14	6	2	6
EOG091709WA	0.903	13	5	2	6
EOG091700H7	0.884	14	6	2	6
EOG0917088T	0.696	12	5	1	6
EOG091701JG	0.793	13	5	2	6
EOG09170118	0.719	8	4	1	3
EOG091705V5	0.884	14	6	2	6
EOG091704QM	0.783	14	6	2	6
EOG091703GC	0.531	13	5	2	6
EOG091703GF	0.698	12	5	1	6
EOG091700NB	0.586	14	6	2	6
EOG0917013G	0.83	14	6	2	6
EOG091701DK	0.572	14	6	2	6
EOG091703E6	0.885	14	6	2	6
EOG091709LA	0.533	10	3	2	5
EOG091709S6	0.918	13	5	2	6
EOG091707IM	0.667	14	6	2	6
EOG091704HU	0.528	14	6	2	6
EOG091707TR	0.621	14	6	2	6
EOG0917051X	0.694	14	6	2	6
EOG091707O8	0.663	14	6	2	6
EOG091704L5	0.649	14	6	2	6
EOG091702E5	0.661	12	5	2	5
EOG091702EH	0.795	14	6	2	6
EOG091707M5	0.732	12	5	1	6
EOG091701BZ	0.639	14	6	2	6
EOG0917008O	0.654	14	6	2	6
EOG091706EN	0.668	10	4	2	4
EOG09170735	0.543	7	4	1	2
EOG09170087	0.569	14	6	2	6
EOG09170BCI	0.7	10	5	1	4
EOG091703OM	0.794	14	6	2	6
EOG091703O1	0.507	14	6	2	6
EOG091701YS	0.591	14	6	2	6
EOG091707CQ	0.76	14	6	2	6
EOG0917039J	0.659	13	5	2	6
EOG091707CV	0.649	13	5	2	6
EOG091700FF	0.668	14	6	2	6
EOG091704BH	0.627	13	5	2	6
EOG0917057W	0.745	14	6	2	6
EOG0917057O	0.653	13	6	2	5
EOG091702AT	0.556	14	6	2	6
EOG0917038Z	0.609	14	6	2	6
EOG091700D1	0.776	14	6	2	6
EOG091700DY	0.598	14	6	2	6
EOG091705B5	0.616	12	5	2	5
EOG0917059W	0.89	14	6	2	6
EOG091702C9	0.579	14	6	2	6
EOG091700Y5	0.88	14	6	2	6
EOG091701UW	0.786	14	6	2	6
EOG091701UJ	0.884	14	6	2	6
EOG091708DW	0.542	6	3	1	2
EOG091702MA	0.902	14	6	2	6
EOG091702MI	0.563	13	6	1	6
EOG0917025G	0.893	13	5	2	6
EOG091707ET	0.541	13	5	2	6
EOG091707EW	0.609	14	6	2	6
EOG09170BKB	0.8	12	5	1	6
EOG091702OZ	0.636	14	6	2	6
EOG0917049F	0.788	13	5	2	6
EOG0917049R	0.521	13	5	2	6
EOG0917049P	0.559	14	6	2	6
EOG0917027E	0.878	14	6	2	6
EOG0917027Y	0.692	14	6	2	6
EOG091708LV	0.655	13	6	1	6
EOG091702T6	0.811	14	6	2	6
EOG091703RB	0.867	14	6	2	6
EOG0917006R	0.852	14	6	2	6
EOG09170688	0.839	12	5	1	6
EOG09170687	0.52	12	5	2	5
EOG0917068E	0.746	14	6	2	6
EOG091702IA	0.74	13	5	2	6
EOG091700SU	0.589	11	5	2	4
EOG091701SJ	0.559	14	6	2	6
EOG0917064S	0.83	6	2	1	3
EOG091705MH	0.782	14	6	2	6
EOG091707YB	0.756	13	6	2	5
EOG09170ARV	0.511	12	5	2	5
EOG0917004T	0.554	13	5	2	6
EOG091702K1	0.553	14	6	2	6
EOG09170188	0.561	14	6	2	6
EOG091705LI	0.867	13	5	2	6
EOG0917043C	0.648	14	6	2	6
EOG091701OV	0.813	14	6	2	6
EOG091701OD	0.809	14	6	2	6
EOG0917065F	0.539	5	2	1	2
EOG091702RJ	0.711	14	6	2	6
EOG091704KN	0.749	13	6	1	6
EOG0917041W	0.604	13	6	1	6
EOG091705UT	0.658	3	1	1	1
EOG091704R8	0.785	13	5	2	6
EOG091709T5	0.864	13	5	2	6
EOG091700KH	0.734	14	6	2	6
EOG091701KX	0.757	14	6	2	6
EOG0917029N	0.574	13	5	2	6
EOG0917016H	0.824	14	6	2	6
EOG09170296	0.662	14	6	2	6
EOG091705WJ	0.714	14	6	2	6
EOG091704P5	0.827	9	4	1	4
EOG091704P4	0.571	14	6	2	6
EOG091703XR	0.78	13	6	2	5
EOG091706O8	0.874	13	5	2	6
EOG091706VM	0.524	13	6	1	6
EOG0917033M	0.562	12	6	1	5
EOG091706OZ	0.553	13	5	2	6
EOG091700I8	0.584	14	6	2	6
EOG0917073O	0.89	14	6	2	6
EOG0917010B	0.653	14	6	2	6
EOG091705YA	0.9	14	6	2	6
EOG091702XJ	0.535	12	5	1	6
EOG091703FF	0.706	13	5	2	6
EOG0917031T	0.828	13	5	2	6
EOG091707JN	0.873	13	5	2	6
EOG091701GK	0.617	14	6	2	6
EOG091701G6	0.585	14	6	2	6
EOG0917078F	0.569	14	6	2	6
EOG091708K5	0.73	7	1	2	4
