#older	younger	score
21,14 55.992
15,14 97.468
25,15 0.666
24,21 0.626
21,24 0.85
22,18 0.632
17,22 2.62
23,17 1.474
20,14 0.568
14,24 21.178
16,19 0.674
22,18 0.544
14,20 1.692
17,14 4.356
24,20 0.596
18,20 0.524
17,15 0.53
25,24 0.504
23,24 603.762
18,15 97.626
15,22 2.39
19,16 0.596
15,24 3.476
22,25 3.212
16,14 0.914
26,21 1.232
16,14 3.22
17,20 1.444
17,21 0.528
16,25 8.09
20,17 5.896
20,21 0.574
19,22 0.66
22,17 7.618
18,17 1.546
15,18 23.884
22,23 0.57
16,22 10.798
15,17 0.6
21,19 0.628
17,23 1.268
20,25 0.642
24,16 0.886
18,24 1.676
19,17 1.154
20,23 0.566
15,17 1.146
17,23 2.216
20,17 2.524
21,24 0.88
22,21 1.8
25,20 1.69
16,20 5.068
15,19 12.452
23,18 1.198
22,19 5.432
25,18 20.414
23,16 1.412
22,19 1.042
24,23 0.562
14,24 31.66
16,23 0.536
14,15 668.834
20,25 1.398
23,14 50.31
25,14 5.328
17,25 2.854
18,20 0.63
15,14 96.754
16,25 3.514
18,15 226.84
14,15 2306.634
22,21 0.762
19,15 1.812
17,20 4.802
26,14 0.532
23,22 5.494
23,14 2.808
16,19 2.44
26,24 1.86
24,25 0.572
16,22 3.622
19,24 17.014
20,14 3.73
26,20 0.532
23,24 24.618
18,22 0.972
17,18 0.72
15,22 1.35
15,16 0.908
16,15 0.688
14,17 0.574
22,23 1.056
25,24 44.438
17,22 1.84
23,20 0.518
24,17 0.69
14,20 2.476
17,16 1.59
22,16 5.968
21,22 1.166
26,14 0.556
15,19 8.178
20,16 1.786
26,25 47.316
19,15 3.044
20,16 1.114
25,23 0.634
17,25 8.166
18,24 37.2
16,21 0.718
14,16 1.046
15,18 19.658
21,18 1.31
16,20 5.678
25,19 44.402
23,17 3.294
22,25 28.03
15,24 11.446
