#donor	receptor	nb	sum	mean	std	older,younger	score
15	14	134	55.992	0.417850746269	0.132318166275	21,14 55.992
AGAMB	14	196	97.468	0.497285714286	0.201815231722	15,14 97.468
26	ACULI	2	0.532	0.266	0.0	26,ACULI 0.532
AEPIR	AMACU	16	4.892	0.30575	0.0552805345488	25,AMACU 4.892
ASTES	AEPIR	12	3.238	0.269833333333	0.013897441811	20,AEPIR 3.238
AGAMB	AMINI	8	3.352	0.419	0.0928951021314	15,AMINI 3.352
23	AQUAD	2	0.756	0.378	0.0	25,AQUAD 0.756
20	AGAMB	2	0.924	0.462	0.0	22,AGAMB 0.924
AEPIR	15	2	0.666	0.333	0.0	25,15 0.666
AMINI	AMACU	14	5.226	0.373285714286	0.145764697162	16,AMACU 5.226
22	21	2	0.626	0.313	0.0	24,21 0.626
15	24	2	0.85	0.425	0.0	21,24 0.85
AMACU	18	2	0.632	0.316	0.0	22,18 0.632
ACULI	AMACU	240	71.592	0.2983	0.0918233448893	16,AMACU 71.592
16	22	6	2.62	0.436666666667	0.114485321718	17,22 2.62
21	17	4	1.474	0.3685	0.0385	23,17 1.474
AARAB	AFUNE	12	5.462	0.455166666667	0.154704467363	14,AFUNE 5.462
AARAB	AMINI	8	2.676	0.3345	0.042121847063	14,AMINI 2.676
AARAB	ASTES	6	2.464	0.410666666667	0.177483019532	14,ASTES 2.464
ASTES	14	2	0.568	0.284	0.0	20,14 0.568
AQUAD	AMINI	6	1.844	0.307333333333	0.0651886152296	14,AMINI 1.844
ACULI	AMELA	8	4.234	0.52925	0.203809193855	16,AMELA 4.234
AARAB	24	62	21.178	0.341580645161	0.0818242704721	14,24 21.178
ASTEI	AFUNE	12	4.574	0.381166666667	0.137961850605	20,AFUNE 4.574
AMERU	ACULI	12	3.864	0.322	0.0897849282081	19,ACULI 3.864
AMINI	ACHRI	10	2.972	0.2972	0.0469782928596	16,ACHRI 2.972
AMERU	AMELA	32	11.554	0.3610625	0.109306603615	19,AMELA 11.554
ACULI	AARAB	4	2.09	0.5225	0.2465	16,AARAB 2.09
AMELA	AEPIR	64	21.574	0.33709375	0.0863688888486	18,AEPIR 21.574
21	AMELA	186	77.76	0.418064516129	0.136632605757	23,AMELA 77.76
20	AMINI	4	1.56	0.39	0.12	22,AMINI 1.56
ASTEI	AEPIR	22	8.854	0.402454545455	0.190081974487	20,AEPIR 8.854
20	ACULI	8	2.196	0.2745	0.0180623918682	22,ACULI 2.196
AMINI	19	2	0.674	0.337	0.0	16,19 0.674
AARAB	AMERU	152	69.754	0.458907894737	0.204785264789	14,AMERU 69.754
20	18	2	0.544	0.272	0.0	22,18 0.544
AARAB	20	6	1.692	0.282	0.00653197264742	14,20 1.692
21	AQUAD	214	109.258	0.510551401869	0.191021759961	23,AQUAD 109.258
AFUNE	14	12	4.356	0.363	0.0596433846569	17,14 4.356
ACHRI	ASTEI	20	9.386	0.4693	0.159387609305	23,ASTEI 9.386
17	20	2	0.596	0.298	0.0	24,20 0.596
14	20	2	0.524	0.262	0.0	18,20 0.524
ASTEI	AARAB	2	0.53	0.265	0.0	20,AARAB 0.53
AFUNE	15	2	0.53	0.265	0.0	17,15 0.53
23	24	2	0.504	0.252	0.0	25,24 0.504
18	AGAMB	32	14.084	0.440125	0.10794898969	19,AGAMB 14.084
ACHRI	24	1350	603.762	0.447231111111	0.148859396482	23,24 603.762
AGAMB	AFUNE	2	0.942	0.471	0.0	15,AFUNE 0.942
17	ACULI	6	1.98	0.33	0.0396316371939	24,ACULI 1.98
AMINI	AMELA	2	0.79	0.395	0.0	16,AMELA 0.79
AARAB	ACULI	6	2.006	0.334333333333	0.114333819241	14,ACULI 2.006
ASTEI	AGAMB	2	0.502	0.251	0.0	20,AGAMB 0.502
AFUNE	AEPIR	28	11.438	0.4085	0.158892034323	17,AEPIR 11.438
AMELA	15	198	97.626	0.493060606061	0.179194370976	18,15 97.626
AQUAD	AFUNE	16	5.05	0.315625	0.0594515296271	14,AFUNE 5.05
21	AEPIR	10	3.864	0.3864	0.13707749633	23,AEPIR 3.864
20	AMELA	2	0.824	0.412	0.0	22,AMELA 0.824
AMERU	ASTES	2	0.718	0.359	0.0	19,ASTES 0.718
AGAMB	22	6	2.39	0.398333333333	0.0973664327282	15,22 2.39
AQUAD	ASTES	2	0.526	0.263	0.0	14,ASTES 0.526
AMERU	ACHRI	4	1.318	0.3295	0.0795	19,ACHRI 1.318
ACOLU	AMELA	188	87.124	0.463425531915	0.190899689007	15,AMELA 87.124
AQUAD	ACULI	6	1.744	0.290666666667	0.0447834294751	14,ACULI 1.744
ACHRI	ASTES	2	0.538	0.269	0.0	23,ASTES 0.538
AMERU	16	2	0.596	0.298	0.0	19,16 0.596
ACOLU	24	10	3.476	0.3476	0.0398928565034	15,24 3.476
AMACU	25	10	3.212	0.3212	0.0507085791558	22,25 3.212
AFUNE	AQUAD	12	4.436	0.369666666667	0.0844702445967	17,AQUAD 4.436
ACOLU	AARAB	1218	671.272	0.551126436782	0.21253709138	15,AARAB 671.272
ACOLU	AMINI	4	1.624	0.406	0.119	15,AMINI 1.624
ACOLU	AFUNE	2	0.876	0.438	0.0	15,AFUNE 0.876
AMINI	14	2	0.914	0.457	0.0	16,14 0.914
ACOLU	AEPIR	22	7.844	0.356545454545	0.198810262967	15,AEPIR 7.844
AQUAD	AMERU	466	221.15	0.474570815451	0.187780452135	14,AMERU 221.15
24	21	4	1.232	0.308	0.02	26,21 1.232
ACULI	14	6	3.22	0.536666666667	0.0157550697308	16,14 3.22
16	20	4	1.444	0.361	0.077	17,20 1.444
ASTES	AARAB	6	1.58	0.263333333333	0.0096724120857	20,AARAB 1.58
AMELA	AQUAD	6	1.826	0.304333333333	0.0151950284267	18,AQUAD 1.826
AFUNE	21	2	0.528	0.264	0.0	17,21 0.528
ACOLU	ACULI	8	3.81	0.47625	0.159827054969	15,ACULI 3.81
ACULI	25	18	8.09	0.449444444444	0.15423727112	16,25 8.09
ASTES	17	16	5.896	0.3685	0.163333248299	20,17 5.896
14	ASTEI	2	0.568	0.284	0.0	18,ASTEI 0.568
15	ACHRI	2	0.626	0.313	0.0	21,ACHRI 0.626
AMINI	ASTES	48	14.984	0.312166666667	0.0832794826006	16,ASTES 14.984
16	AMACU	4	2.454	0.6135	0.0485	17,AMACU 2.454
AGAMB	AARAB	1130	667.284	0.590516814159	0.215572097831	15,AARAB 667.284
ACULI	AGAMB	4	1.034	0.2585	0.0015	16,AGAMB 1.034
AMELA	ACULI	26	8.006	0.307923076923	0.0534839466044	18,ACULI 8.006
23	AARAB	2	0.516	0.258	0.0	25,AARAB 0.516
AEPIR	AMELA	6	1.648	0.274666666667	0.0114406682012	25,AMELA 1.648
AARAB	ACHRI	18	6.1	0.338888888889	0.0578838769423	14,ACHRI 6.1
ASTEI	21	2	0.574	0.287	0.0	20,21 0.574
AMACU	ASTEI	24	10.892	0.453833333333	0.13909878584	22,ASTEI 10.892
20	ACOLU	2	0.566	0.283	0.0	22,ACOLU 0.566
AFUNE	AMINI	14	5.048	0.360571428571	0.0932812293825	17,AMINI 5.048
AMELA	ASTEI	2	0.642	0.321	0.0	18,ASTEI 0.642
AMERU	22	2	0.66	0.33	0.0	19,22 0.66
14	AGAMB	218	90.178	0.413660550459	0.182663787013	18,AGAMB 90.178
20	ASTEI	4	1.046	0.2615	0.0005	22,ASTEI 1.046
15	AMACU	2	0.554	0.277	0.0	21,AMACU 0.554
AMACU	17	24	7.618	0.317416666667	0.0651107496672	22,17 7.618
AMELA	17	4	1.546	0.3865	0.0125	18,17 1.546
AMINI	AMERU	2	0.948	0.474	0.0	16,AMERU 0.948
ASTES	ACHRI	6	1.75	0.291666666667	0.0462625358386	20,ACHRI 1.75
AEPIR	AARAB	14	5.524	0.394571428571	0.13513047361	25,AARAB 5.524
24	AEPIR	80	24.544	0.3068	0.0391696310935	26,AEPIR 24.544
ASTES	AMINI	26	8.298	0.319153846154	0.144871213977	20,AMINI 8.298
23	ASTES	2	0.6	0.3	0.0	25,ASTES 0.6
AGAMB	AMELA	146	62.566	0.428534246575	0.195250389451	15,AMELA 62.566
21	ACULI	12	4.464	0.372	0.114944914343	23,ACULI 4.464
AGAMB	18	54	23.884	0.442296296296	0.164164961032	15,18 23.884
ACHRI	AQUAD	4	1.64	0.41	0.147	23,AQUAD 1.64
AMACU	23	2	0.57	0.285	0.0	22,23 0.57
AARAB	AEPIR	62	21.476	0.346387096774	0.118041730571	14,AEPIR 21.476
AMELA	AMACU	16	5.294	0.330875	0.143474246382	18,AMACU 5.294
ACULI	AEPIR	26	7.726	0.297153846154	0.0557850905831	16,AEPIR 7.726
AFUNE	AGAMB	2	0.6	0.3	0.0	17,AGAMB 0.6
AMINI	AEPIR	8	3.524	0.4405	0.266099135662	16,AEPIR 3.524
ACOLU	AQUAD	264	127.816	0.484151515152	0.198662820973	15,AQUAD 127.816
17	ASTES	4	1.202	0.3005	0.0215	24,ASTES 1.202
ACULI	22	24	10.798	0.449916666667	0.194182241865	16,22 10.798
ACOLU	17	2	0.6	0.3	0.0	15,17 0.6
15	19	2	0.628	0.314	0.0	21,19 0.628
AQUAD	AGAMB	850	431.17	0.507258823529	0.20395360216	14,AGAMB 431.17
ACULI	ACOLU	6	3.092	0.515333333333	0.198310082671	16,ACOLU 3.092
23	AMINI	2	0.558	0.279	0.0	25,AMINI 0.558
17	AMACU	18	5.958	0.331	0.0662184935565	24,AMACU 5.958
AFUNE	23	4	1.268	0.317	0.041	17,23 1.268
20	AEPIR	2	0.72	0.36	0.0	22,AEPIR 0.72
AMERU	ACOLU	126	45.216	0.358857142857	0.116608401388	19,ACOLU 45.216
AGAMB	ACULI	16	6.38	0.39875	0.128097375071	15,ACULI 6.38
AMACU	ACULI	328	97.35	0.296798780488	0.0868993095399	22,ACULI 97.35
19	AGAMB	2	0.63	0.315	0.0	21,AGAMB 0.63
AMERU	ASTEI	2	1.078	0.539	0.0	19,ASTEI 1.078
AMERU	AEPIR	8	2.246	0.28075	0.0333194762864	19,AEPIR 2.246
21	ASTES	2	0.598	0.299	0.0	23,ASTES 0.598
AEPIR	ASTES	14	3.882	0.277285714286	0.0258275284239	25,ASTES 3.882
21	ASTEI	4	1.51	0.3775	0.0615	23,ASTEI 1.51
ASTES	25	2	0.642	0.321	0.0	20,25 0.642
22	16	2	0.886	0.443	0.0	24,16 0.886
16	ASTES	4	1.246	0.3115	0.0525	17,ASTES 1.246
ASTEI	ACHRI	12	5.208	0.434	0.198626114429	20,ACHRI 5.208
ACOLU	AMACU	8	3.83	0.47875	0.192581638533	15,AMACU 3.83
AMERU	AMINI	2	0.516	0.258	0.0	19,AMINI 0.516
14	24	6	1.676	0.279333333333	0.0140554457615	18,24 1.676
AFUNE	ACHRI	12	4.406	0.367166666667	0.186184869298	17,ACHRI 4.406
AMERU	17	2	1.154	0.577	0.0	19,17 1.154
ASTEI	23	2	0.566	0.283	0.0	20,23 0.566
AGAMB	17	4	1.146	0.2865	0.0035	15,17 1.146
AGAMB	ASTES	8	3.338	0.41725	0.117614571801	15,ASTES 3.338
20	AMACU	22	5.94	0.27	0.0153386025202	22,AMACU 5.94
AEPIR	AMERU	4	1.848	0.462	0.019	25,AMERU 1.848
ASTES	ACULI	56	15.296	0.273142857143	0.0193828242924	20,ACULI 15.296
AARAB	AMELA	40	13.648	0.3412	0.0926804186439	14,AMELA 13.648
ASTEI	AMINI	16	5.418	0.338625	0.16243301504	20,AMINI 5.418
AMACU	AFUNE	12	3.944	0.328666666667	0.0683902202235	22,AFUNE 3.944
24	AGAMB	2	0.572	0.286	0.0	26,AGAMB 0.572
16	23	4	2.216	0.554	0.035	17,23 2.216
ASTES	AQUAD	4	2.038	0.5095	0.2245	20,AQUAD 2.038
AMELA	AMERU	32	10.864	0.3395	0.141549902861	18,AMERU 10.864
19	ACULI	6	1.682	0.280333333333	0.0203360653902	21,ACULI 1.682
22	ACULI	8	2.624	0.328	0.0626178888178	24,ACULI 2.624
AMACU	ACHRI	16	6.19	0.386875	0.13474553564	22,ACHRI 6.19
ASTEI	17	6	2.524	0.420666666667	0.178230811652	20,17 2.524
ASTEI	AQUAD	4	2.266	0.5665	0.1995	20,AQUAD 2.266
AMACU	AGAMB	10	3.912	0.3912	0.120360126288	22,AGAMB 3.912
19	24	2	0.88	0.44	0.0	21,24 0.88
AMACU	21	4	1.8	0.45	0.036	22,21 1.8
AGAMB	AMERU	78	35.644	0.456974358974	0.197286526913	15,AMERU 35.644
14	AEPIR	12	4.73	0.394166666667	0.0900507572921	18,AEPIR 4.73
AEPIR	20	4	1.69	0.4225	0.1265	25,20 1.69
ACHRI	ACULI	20	6.792	0.3396	0.0848082543152	23,ACULI 6.792
16	ACULI	2	0.522	0.261	0.0	17,ACULI 0.522
21	AARAB	142	69.838	0.491816901408	0.175866331272	23,AARAB 69.838
ACULI	20	14	5.068	0.362	0.138243057175	16,20 5.068
ACOLU	AGAMB	10	3.892	0.3892	0.147350466575	15,AGAMB 3.892
22	ASTES	2	1.23	0.615	0.0	24,ASTES 1.23
18	ACOLU	16	6.342	0.396375	0.0788763866756	19,ACOLU 6.342
ACOLU	19	30	12.452	0.415066666667	0.141632607671	15,19 12.452
21	18	4	1.198	0.2995	0.0155	23,18 1.198
ACULI	ASTEI	54	14.894	0.275814814815	0.0229637992679	16,ASTEI 14.894
20	19	8	5.432	0.679	0.18606047404	22,19 5.432
AEPIR	18	60	20.414	0.340233333333	0.0713010908441	25,18 20.414
ACHRI	16	4	1.412	0.353	0.006	23,16 1.412
15	AQUAD	170	75.594	0.444670588235	0.16080454985	21,AQUAD 75.594
AMACU	19	4	1.042	0.2605	0.0065	22,19 1.042
14	AFUNE	2	0.654	0.327	0.0	18,AFUNE 0.654
22	AMACU	4	1.038	0.2595	0.0095	24,AMACU 1.038
17	23	2	0.562	0.281	0.0	24,23 0.562
AEPIR	AFUNE	16	5.42	0.33875	0.156089517585	25,AFUNE 5.42
AMACU	AEPIR	20	6.088	0.3044	0.081514661258	22,AEPIR 6.088
AGAMB	AEPIR	34	12.642	0.371823529412	0.149883576503	15,AEPIR 12.642
AQUAD	24	90	31.66	0.351777777778	0.0778833569124	14,24 31.66
19	AQUAD	72	27.982	0.388638888889	0.126924989392	21,AQUAD 27.982
ACULI	AQUAD	2	0.732	0.366	0.0	16,AQUAD 0.732
AMACU	AMINI	22	6.81	0.309545454545	0.0833136064805	22,AMINI 6.81
AMINI	AQUAD	4	1.044	0.261	0.007	16,AQUAD 1.044
AMELA	ACHRI	28	9.71	0.346785714286	0.139997540066	18,ACHRI 9.71
22	AMERU	2	1.32	0.66	0.0	24,AMERU 1.32
AMELA	AFUNE	4	1.54	0.385	0.102	18,AFUNE 1.54
AMINI	23	2	0.536	0.268	0.0	16,23 0.536
AQUAD	AMACU	2	0.624	0.312	0.0	14,AMACU 0.624
AEPIR	AQUAD	28	8.922	0.318642857143	0.0841899274115	25,AQUAD 8.922
ASTEI	ACOLU	2	1.018	0.509	0.0	20,ACOLU 1.018
AQUAD	15	1074	668.834	0.622750465549	0.252110483017	14,15 668.834
AMELA	AGAMB	180	85.22	0.473444444444	0.197817992166	18,AGAMB 85.22
AMINI	ACULI	10	3.046	0.3046	0.0385984455646	16,ACULI 3.046
ASTEI	ASTES	10	2.84	0.284	0.0552919523982	20,ASTES 2.84
AFUNE	AMACU	26	9.366	0.360230769231	0.11826186969	17,AMACU 9.366
17	ASTEI	2	0.94	0.47	0.0	24,ASTEI 0.94
ASTEI	25	2	1.398	0.699	0.0	20,25 1.398
21	14	96	50.31	0.5240625	0.180281424243	23,14 50.31
AMACU	ASTES	6	2.134	0.355666666667	0.134858773867	22,ASTES 2.134
AEPIR	14	14	5.328	0.380571428571	0.0991346229598	25,14 5.328
ACHRI	AMINI	4	1.034	0.2585	0.0035	23,AMINI 1.034
16	25	6	2.854	0.475666666667	0.150098486187	17,25 2.854
AMERU	AQUAD	424	179.85	0.424174528302	0.130322360526	19,AQUAD 179.85
AMELA	20	2	0.63	0.315	0.0	18,20 0.63
19	ACHRI	2	0.514	0.257	0.0	21,ACHRI 0.514
AQUAD	ASTEI	6	2.492	0.415333333333	0.138670673019	14,ASTEI 2.492
ASTES	AGAMB	2	0.814	0.407	0.0	20,AGAMB 0.814
AQUAD	ACOLU	494	263.956	0.53432388664	0.205867632575	14,ACOLU 263.956
ACOLU	14	182	96.754	0.531615384615	0.20595415948	15,14 96.754
22	AMINI	4	1.092	0.273	0.007	24,AMINI 1.092
ACULI	ASTES	60	18.252	0.3042	0.0868586591346	16,ASTES 18.252
AMINI	25	10	3.514	0.3514	0.133802242134	16,25 3.514
14	15	470	226.84	0.482638297872	0.223311043979	18,15 226.84
AMACU	AMERU	12	4.78	0.398333333333	0.119240187111	22,AMERU 4.78
AARAB	15	3350	2306.634	0.688547462687	0.246457047787	14,15 2306.634
20	21	2	0.762	0.381	0.0	22,21 0.762
AMINI	AARAB	8	3.098	0.38725	0.0616537711742	16,AARAB 3.098
18	15	6	1.812	0.302	0.0412067955561	19,15 1.812
AFUNE	20	12	4.802	0.400166666667	0.16618304834	17,20 4.802
26	14	2	0.532	0.266	0.0	26,14 0.532
AMACU	ACOLU	8	2.986	0.37325	0.168373654412	22,ACOLU 2.986
ACHRI	22	12	5.494	0.457833333333	0.163767535109	23,22 5.494
AEPIR	ACHRI	10	2.688	0.2688	0.0101074230148	25,ACHRI 2.688
ACULI	AFUNE	24	8.62	0.359166666667	0.0969715021139	16,AFUNE 8.62
ACHRI	14	6	2.808	0.468	0.127140342404	23,14 2.808
AMELA	ACOLU	206	91.964	0.446427184466	0.194954343769	18,ACOLU 91.964
AMINI	AFUNE	44	16.106	0.366045454545	0.156347944509	16,AFUNE 16.106
ACULI	ACHRI	12	3.504	0.292	0.0361432335761	16,ACHRI 3.504
ACULI	AMERU	6	2.992	0.498666666667	0.00664997911442	16,AMERU 2.992
AMACU	AMELA	8	3.594	0.44925	0.112085625751	22,AMELA 3.594
ASTEI	AMELA	4	1.544	0.386	0.113	20,AMELA 1.544
AMERU	AMACU	6	2.334	0.389	0.157917700085	19,AMACU 2.334
ACULI	19	6	2.44	0.406666666667	0.0897044530048	16,19 2.44
ACOLU	ASTEI	10	3.646	0.3646	0.143590528936	15,ASTEI 3.646
21	AMACU	4	1.978	0.4945	0.1365	23,AMACU 1.978
25	24	6	1.86	0.31	0.00787400787401	26,24 1.86
AMINI	ASTEI	16	5.87	0.366875	0.174681451148	16,ASTEI 5.87
17	ACHRI	2	0.686	0.343	0.0	24,ACHRI 0.686
22	25	2	0.572	0.286	0.0	24,25 0.572
15	AEPIR	2	0.664	0.332	0.0	21,AEPIR 0.664
AARAB	AGAMB	1338	733.698	0.54835426009	0.212532318972	14,AGAMB 733.698
AQUAD	AARAB	2	1.112	0.556	0.0	14,AARAB 1.112
AMINI	22	10	3.622	0.3622	0.0999587915093	16,22 3.622
25	ASTES	2	0.512	0.256	0.0	26,ASTES 0.512
AGAMB	AQUAD	416	197.268	0.474201923077	0.19707099852	15,AQUAD 197.268
AMERU	AARAB	68	25.978	0.382029411765	0.108732398249	19,AARAB 25.978
AARAB	AMACU	2	0.674	0.337	0.0	14,AMACU 0.674
15	ACULI	6	1.924	0.320666666667	0.0451097427269	21,ACULI 1.924
AMERU	24	50	17.014	0.34028	0.084894532215	19,24 17.014
22	ACOLU	2	0.548	0.274	0.0	24,ACOLU 0.548
ASTEI	14	8	3.73	0.46625	0.136444814852	20,14 3.73
25	20	2	0.532	0.266	0.0	26,20 0.532
AQUAD	AEPIR	66	22.552	0.341696969697	0.104793443251	14,AEPIR 22.552
21	AGAMB	2	0.7	0.35	0.0	23,AGAMB 0.7
21	24	66	24.618	0.373	0.134499971837	23,24 24.618
ACOLU	AMERU	134	55.76	0.416119402985	0.157536115015	15,AMERU 55.76
18	AEPIR	6	1.882	0.313666666667	0.0389044413346	19,AEPIR 1.882
AMERU	AGAMB	54	21.918	0.405888888889	0.149028292947	19,AGAMB 21.918
AMELA	22	2	0.972	0.486	0.0	18,22 0.972
15	AARAB	550	242.932	0.441694545455	0.169379813564	21,AARAB 242.932
AFUNE	18	2	0.72	0.36	0.0	17,18 0.72
AFUNE	ACULI	14	5.982	0.427285714286	0.108254612948	17,ACULI 5.982
ACOLU	22	2	1.35	0.675	0.0	15,22 1.35
ACOLU	16	2	0.908	0.454	0.0	15,16 0.908
ASTEI	AMACU	26	14.176	0.545230769231	0.259349231093	20,AMACU 14.176
ACULI	15	2	0.688	0.344	0.0	16,15 0.688
AFUNE	AARAB	20	8.382	0.4191	0.16647429231	17,AARAB 8.382
19	AARAB	78	27.43	0.351666666667	0.0973443091809	21,AARAB 27.43
AARAB	17	2	0.574	0.287	0.0	14,17 0.574
20	23	4	1.056	0.264	0.003	22,23 1.056
ACHRI	AMACU	18	8.88	0.493333333333	0.230844343901	23,AMACU 8.88
AEPIR	24	140	44.438	0.317414285714	0.0583424601218	25,24 44.438
AFUNE	22	6	1.84	0.306666666667	0.0328768746825	17,22 1.84
ACOLU	ASTES	2	0.836	0.418	0.0	15,ASTES 0.836
15	AMELA	52	19.656	0.378	0.141826003908	21,AMELA 19.656
ACHRI	20	2	0.518	0.259	0.0	23,20 0.518
15	ASTES	2	0.556	0.278	0.0	21,ASTES 0.556
21	AMINI	2	0.832	0.416	0.0	23,AMINI 0.832
ACHRI	AMERU	2	0.516	0.258	0.0	23,AMERU 0.516
22	17	2	0.69	0.345	0.0	24,17 0.69
14	ACHRI	4	1.174	0.2935	0.0035	18,ACHRI 1.174
ASTEI	ACULI	62	18.984	0.306193548387	0.0691368065714	20,ACULI 18.984
AGAMB	AMACU	12	4.394	0.366166666667	0.0843552343104	15,AMACU 4.394
ASTES	AMACU	12	5.192	0.432666666667	0.251524463135	20,AMACU 5.192
AQUAD	20	8	2.476	0.3095	0.0511492912952	14,20 2.476
AFUNE	AMERU	2	0.548	0.274	0.0	17,AMERU 0.548
AFUNE	16	2	1.59	0.795	0.0	17,16 1.59
AQUAD	AMELA	22	9.71	0.441363636364	0.155096024641	14,AMELA 9.71
AEPIR	ACOLU	6	1.748	0.291333333333	0.0528540968663	25,ACOLU 1.748
24	ACULI	2	0.544	0.272	0.0	26,ACULI 0.544
AEPIR	ASTEI	22	7.608	0.345818181818	0.127106839943	25,ASTEI 7.608
14	ACOLU	158	67.522	0.42735443038	0.167268300959	18,ACOLU 67.522
15	AMERU	8	2.2	0.275	0.0227925426401	21,AMERU 2.2
AMACU	16	12	5.968	0.497333333333	0.238491555872	22,16 5.968
15	22	4	1.166	0.2915	0.0285	21,22 1.166
AGAMB	ACHRI	12	4.538	0.378166666667	0.125783433815	15,ACHRI 4.538
ACHRI	AMELA	6	2.242	0.373666666667	0.129476724635	23,AMELA 2.242
AARAB	AQUAD	2	0.538	0.269	0.0	14,AQUAD 0.538
24	14	2	0.556	0.278	0.0	26,14 0.556
AFUNE	ASTEI	18	6.39	0.355	0.180096887505	17,ASTEI 6.39
ACHRI	AFUNE	6	1.754	0.292333333333	0.0203360653902	23,AFUNE 1.754
AFUNE	ASTES	48	14.496	0.302	0.0717925251448	17,ASTES 14.496
AMINI	AGAMB	4	1.628	0.407	0.132	16,AGAMB 1.628
AGAMB	19	22	8.178	0.371727272727	0.119001979288	15,19 8.178
ASTEI	16	6	1.786	0.297666666667	0.0249443825785	20,16 1.786
AEPIR	AGAMB	6	1.626	0.271	0.0143527000944	25,AGAMB 1.626
AGAMB	ASTEI	6	2.288	0.381333333333	0.1604105843	15,ASTEI 2.288
24	25	154	47.316	0.307246753247	0.0465844173947	26,25 47.316
AQUAD	ACHRI	28	10.638	0.379928571429	0.148176277398	14,ACHRI 10.638
AMERU	15	10	3.044	0.3044	0.034505651711	19,15 3.044
AGAMB	ACOLU	6	2.432	0.405333333333	0.123551158995	15,ACOLU 2.432
ASTES	16	4	1.114	0.2785	0.0105	20,16 1.114
AEPIR	23	2	0.634	0.317	0.0	25,23 0.634
AFUNE	25	18	8.166	0.453666666667	0.0883226408623	17,25 8.166
AMELA	24	102	37.2	0.364705882353	0.0905974275957	18,24 37.2
ACHRI	AARAB	12	4.068	0.339	0.120725584143	23,AARAB 4.068
ACULI	21	2	0.718	0.359	0.0	16,21 0.718
AQUAD	16	2	1.046	0.523	0.0	14,16 1.046
ACOLU	18	44	19.658	0.446772727273	0.177810658188	15,18 19.658
15	18	2	1.31	0.655	0.0	21,18 1.31
AMINI	20	14	5.678	0.405571428571	0.180769669661	16,20 5.678
AEPIR	19	156	44.402	0.284628205128	0.0243784840899	25,19 44.402
ACHRI	17	6	3.294	0.549	0.189203594046	23,17 3.294
20	25	70	28.03	0.400428571429	0.103237392372	22,25 28.03
16	ASTEI	4	1.242	0.3105	0.0485	17,ASTEI 1.242
AARAB	ACOLU	1558	859.04	0.551373555841	0.208873862641	14,ACOLU 859.04
18	AQUAD	20	5.804	0.2902	0.0483214238201	19,AQUAD 5.804
AEPIR	AMINI	8	3.098	0.38725	0.151156169242	25,AMINI 3.098
AEPIR	ACULI	16	4.624	0.289	0.0320507410211	25,ACULI 4.624
ACHRI	AGAMB	8	2.78	0.3475	0.0652935678302	23,AGAMB 2.78
ACHRI	AEPIR	22	7.228	0.328545454545	0.055376994955	23,AEPIR 7.228
AMELA	AARAB	2	0.538	0.269	0.0	18,AARAB 0.538
16	ACOLU	2	0.936	0.468	0.0	17,ACOLU 0.936
21	AFUNE	2	0.544	0.272	0.0	23,AFUNE 0.544
19	AEPIR	6	1.764	0.294	0.0335360502544	21,AEPIR 1.764
ASTES	AFUNE	24	7.75	0.322916666667	0.0843607909846	20,AFUNE 7.75
ASTES	ASTEI	20	6.214	0.3107	0.0490347835725	20,ASTEI 6.214
24	ACHRI	32	9.528	0.29775	0.0490809280678	26,ACHRI 9.528
AGAMB	24	34	11.446	0.336647058824	0.131197175892	15,24 11.446
