#donor	receptor	nb	sum	mean	std	older,younger	score
15	14	86	41.716	0.485069767442	0.11907050781	21,14 41.716
AGAMB	14	126	77.448	0.614666666667	0.156143401733	15,14 77.448
AEPIR	AMACU	4	1.576	0.394	0.018	25,AMACU 1.576
AGAMB	AMINI	6	2.816	0.469333333333	0.0370435179515	15,AMINI 2.816
23	AQUAD	2	0.756	0.378	0.0	25,AQUAD 0.756
20	AGAMB	2	0.924	0.462	0.0	22,AGAMB 0.924
AMINI	AMACU	6	2.98	0.496666666667	0.149658128932	16,AMACU 2.98
15	24	2	0.85	0.425	0.0	21,24 0.85
ACULI	AMACU	30	15.35	0.511666666667	0.112705318814	16,AMACU 15.35
16	22	4	1.994	0.4985	0.0905	17,22 1.994
21	17	2	0.814	0.407	0.0	23,17 0.814
AARAB	AFUNE	8	4.352	0.544	0.10952168735	14,AFUNE 4.352
AARAB	AMINI	4	1.486	0.3715	0.0145	14,AMINI 1.486
AARAB	ASTES	2	1.32	0.66	0.0	14,ASTES 1.32
AQUAD	AMINI	2	0.798	0.399	0.0	14,AMINI 0.798
ACULI	AMELA	6	3.718	0.619666666667	0.150610609041	16,AMELA 3.718
AARAB	24	22	9.7	0.440909090909	0.0480708842997	14,24 9.7
ASTEI	AFUNE	6	3.046	0.507666666667	0.0778088826692	20,AFUNE 3.046
AMERU	ACULI	2	1.03	0.515	0.0	19,ACULI 1.03
AMINI	ACHRI	2	0.776	0.388	0.0	16,ACHRI 0.776
AMERU	AMELA	12	5.79	0.4825	0.086082808969	19,AMELA 5.79
ACULI	AARAB	2	1.538	0.769	0.0	16,AARAB 1.538
AMELA	AEPIR	18	7.786	0.432555555556	0.108858839391	18,AEPIR 7.786
21	AMELA	112	56.606	0.505410714286	0.107291787861	23,AMELA 56.606
20	AMINI	2	1.02	0.51	0.0	22,AMINI 1.02
ASTEI	AEPIR	6	4.206	0.701	0.081767964387	20,AEPIR 4.206
AARAB	AMERU	96	53.426	0.556520833333	0.2002769946	14,AMERU 53.426
21	AQUAD	152	90.912	0.598105263158	0.156546577813	23,AQUAD 90.912
AFUNE	14	8	3.228	0.4035	0.0173997126413	17,14 3.228
ACHRI	ASTEI	14	7.806	0.557571428571	0.101570323482	23,ASTEI 7.806
18	AGAMB	22	10.844	0.492909090909	0.0890132314429	19,AGAMB 10.844
ACHRI	24	970	489.636	0.504779381443	0.136827239962	23,24 489.636
AGAMB	AFUNE	2	0.942	0.471	0.0	15,AFUNE 0.942
17	ACULI	2	0.768	0.384	0.0	24,ACULI 0.768
AMINI	AMELA	2	0.79	0.395	0.0	16,AMELA 0.79
AARAB	ACULI	2	0.992	0.496	0.0	14,ACULI 0.992
AFUNE	AEPIR	14	7.476	0.534	0.136492804625	17,AEPIR 7.476
AMELA	15	142	81.44	0.573521126761	0.147052243199	18,15 81.44
AQUAD	AFUNE	4	1.604	0.401	0.016	14,AFUNE 1.604
21	AEPIR	4	2.166	0.5415	0.0745	23,AEPIR 2.166
20	AMELA	2	0.824	0.412	0.0	22,AMELA 0.824
AMERU	ASTES	2	0.718	0.359	0.0	19,ASTES 0.718
AGAMB	22	2	1.072	0.536	0.0	15,22 1.072
AMERU	ACHRI	2	0.818	0.409	0.0	19,ACHRI 0.818
ACOLU	AMELA	114	66.248	0.581122807018	0.15624262174	15,AMELA 66.248
AQUAD	ACULI	2	0.708	0.354	0.0	14,ACULI 0.708
ACOLU	24	6	2.268	0.378	0.0169705627485	15,24 2.268
AMACU	25	4	1.506	0.3765	0.0175	22,25 1.506
AFUNE	AQUAD	8	3.344	0.418	0.0606341487942	17,AQUAD 3.344
ACOLU	AARAB	932	587.726	0.630607296137	0.178566124461	15,AARAB 587.726
ACOLU	AMINI	2	1.05	0.525	0.0	15,AMINI 1.05
ACOLU	AFUNE	2	0.876	0.438	0.0	15,AFUNE 0.876
AMINI	14	2	0.914	0.457	0.0	16,14 0.914
ACOLU	AEPIR	2	1.952	0.976	0.0	15,AEPIR 1.952
AQUAD	AMERU	300	171.918	0.57306	0.164537259408	14,AMERU 171.918
ACULI	14	6	3.22	0.536666666667	0.0157550697308	16,14 3.22
16	20	2	0.876	0.438	0.0	17,20 0.876
ACOLU	ACULI	4	2.52	0.63	0.061	15,ACULI 2.52
ACULI	25	14	6.994	0.499571428571	0.138674188702	16,25 6.994
ASTES	17	6	3.15	0.525	0.177606306194	20,17 3.15
AMINI	ASTES	8	3.854	0.48175	0.0684228580227	16,ASTES 3.854
16	AMACU	4	2.454	0.6135	0.0485	17,AMACU 2.454
AGAMB	AARAB	914	603.738	0.660544857768	0.177779159653	15,AARAB 603.738
AMELA	ACULI	6	2.362	0.393666666667	0.0372051370408	18,ACULI 2.362
AARAB	ACHRI	8	3.144	0.393	0.0248495472796	14,ACHRI 3.144
AMACU	ASTEI	18	9.094	0.505222222222	0.122991217191	22,ASTEI 9.094
AFUNE	AMINI	8	3.398	0.42475	0.0747809300557	17,AMINI 3.398
14	AGAMB	100	56.568	0.56568	0.171323955126	18,AGAMB 56.568
AMACU	17	6	2.496	0.416	0.0431508980208	22,17 2.496
AMELA	17	4	1.546	0.3865	0.0125	18,17 1.546
AMINI	AMERU	2	0.948	0.474	0.0	16,AMERU 0.948
ASTES	ACHRI	2	0.714	0.357	0.0	20,ACHRI 0.714
AEPIR	AARAB	6	3.258	0.543	0.0569385633819	25,AARAB 3.258
24	AEPIR	16	5.84	0.365	0.0141244468918	26,AEPIR 5.84
ASTES	AMINI	4	2.344	0.586	0.226	20,AMINI 2.344
AGAMB	AMELA	72	42.0	0.583333333333	0.171673624454	15,AMELA 42.0
21	ACULI	4	2.078	0.5195	0.0745	23,ACULI 2.078
AGAMB	18	36	19.018	0.528277777778	0.134436191207	15,18 19.018
ACHRI	AQUAD	2	1.114	0.557	0.0	23,AQUAD 1.114
AARAB	AEPIR	20	9.614	0.4807	0.12325911731	14,AEPIR 9.614
AMELA	AMACU	2	1.416	0.708	0.0	18,AMACU 1.416
ACULI	AEPIR	2	0.944	0.472	0.0	16,AEPIR 0.944
AMINI	AEPIR	2	1.802	0.901	0.0	16,AEPIR 1.802
ACOLU	AQUAD	170	99.916	0.587741176471	0.175125914563	15,AQUAD 99.916
ACULI	22	12	7.23	0.6025	0.167960064698	16,22 7.23
AQUAD	AGAMB	562	346.39	0.616352313167	0.16535939637	14,AGAMB 346.39
ACULI	ACOLU	4	2.562	0.6405	0.1095	16,ACOLU 2.562
17	AMACU	6	2.456	0.409333333333	0.0432768863123	24,AMACU 2.456
AFUNE	23	2	0.716	0.358	0.0	17,23 0.716
20	AEPIR	2	0.72	0.36	0.0	22,AEPIR 0.72
AMERU	ACOLU	50	23.894	0.47788	0.0979200980392	19,ACOLU 23.894
AGAMB	ACULI	8	4.184	0.523	0.0425734659148	15,ACULI 4.184
AMACU	ACULI	42	20.72	0.493333333333	0.113231046278	22,ACULI 20.72
AMERU	ASTEI	2	1.078	0.539	0.0	19,ASTEI 1.078
21	ASTEI	2	0.878	0.439	0.0	23,ASTEI 0.878
22	16	2	0.886	0.443	0.0	24,16 0.886
16	ASTES	2	0.728	0.364	0.0	17,ASTES 0.728
ASTEI	ACHRI	8	4.208	0.526	0.183811044282	20,ACHRI 4.208
ACOLU	AMACU	4	2.546	0.6365	0.1555	15,AMACU 2.546
AFUNE	ACHRI	2	1.564	0.782	0.0	17,ACHRI 1.564
AMERU	17	2	1.154	0.577	0.0	19,17 1.154
AGAMB	ASTES	6	2.72	0.453333333333	0.115048781924	15,ASTES 2.72
AEPIR	AMERU	4	1.848	0.462	0.019	25,AMERU 1.848
AARAB	AMELA	16	7.032	0.4395	0.0694262198308	14,AMELA 7.032
ASTEI	AMINI	2	1.522	0.761	0.0	20,AMINI 1.522
AMACU	AFUNE	6	2.378	0.396333333333	0.00939266853574	22,AFUNE 2.378
16	23	4	2.216	0.554	0.035	17,23 2.216
ASTES	AQUAD	2	1.468	0.734	0.0	20,AQUAD 1.468
AMELA	AMERU	8	4.216	0.527	0.174735514421	18,AMERU 4.216
22	ACULI	4	1.556	0.389	0.016	24,ACULI 1.556
AMACU	ACHRI	8	3.956	0.4945	0.109392641434	22,ACHRI 3.956
ASTEI	17	2	1.34	0.67	0.0	20,17 1.34
ASTEI	AQUAD	4	2.266	0.5665	0.1995	20,AQUAD 2.266
AMACU	AGAMB	6	2.844	0.474	0.0835503840007	22,AGAMB 2.844
19	24	2	0.88	0.44	0.0	21,24 0.88
AMACU	21	4	1.8	0.45	0.036	22,21 1.8
AGAMB	AMERU	48	26.778	0.557875	0.190255160355	15,AMERU 26.778
14	AEPIR	8	3.594	0.44925	0.0521841690554	18,AEPIR 3.594
AEPIR	20	2	1.098	0.549	0.0	25,20 1.098
ACHRI	ACULI	10	4.078	0.4078	0.070881309243	23,ACULI 4.078
21	AARAB	100	57.266	0.57266	0.146735218676	23,AARAB 57.266
ACULI	20	2	1.392	0.696	0.0	16,20 1.392
ACOLU	AGAMB	6	2.808	0.468	0.143292242172	15,AGAMB 2.808
22	ASTES	2	1.23	0.615	0.0	24,ASTES 1.23
18	ACOLU	8	3.748	0.4685	0.0422936165396	19,ACOLU 3.748
ACOLU	19	18	9.016	0.500888888889	0.121459132994	15,19 9.016
20	19	8	5.432	0.679	0.18606047404	22,19 5.432
AEPIR	18	22	9.248	0.420363636364	0.0440026295232	25,18 9.248
ACHRI	16	2	0.718	0.359	0.0	23,16 0.718
15	AQUAD	102	55.06	0.539803921569	0.141408880051	21,AQUAD 55.06
AEPIR	AFUNE	2	1.488	0.744	0.0	25,AFUNE 1.488
AMACU	AEPIR	4	1.848	0.462	0.038	22,AEPIR 1.848
AGAMB	AEPIR	12	6.506	0.542166666667	0.130776420743	15,AEPIR 6.506
AQUAD	24	46	18.83	0.409347826087	0.0659727273663	14,24 18.83
19	AQUAD	38	18.458	0.485736842105	0.0990990159308	21,AQUAD 18.458
ACULI	AQUAD	2	0.732	0.366	0.0	16,AQUAD 0.732
AMACU	AMINI	4	1.812	0.453	0.098	22,AMINI 1.812
AMELA	ACHRI	6	3.572	0.595333333333	0.10087065425	18,ACHRI 3.572
22	AMERU	2	1.32	0.66	0.0	24,AMERU 1.32
AMELA	AFUNE	2	0.974	0.487	0.0	18,AFUNE 0.974
AEPIR	AQUAD	6	2.756	0.459333333333	0.0741230208655	25,AQUAD 2.756
ASTEI	ACOLU	2	1.018	0.509	0.0	20,ACOLU 1.018
AQUAD	15	822	594.382	0.723092457421	0.199696171207	14,15 594.382
AMELA	AGAMB	110	64.94	0.590363636364	0.168579667019	18,AGAMB 64.94
AMINI	ACULI	2	0.736	0.368	0.0	16,ACULI 0.736
ASTEI	ASTES	2	0.788	0.394	0.0	20,ASTES 0.788
AFUNE	AMACU	12	5.416	0.451333333333	0.118928082844	17,AMACU 5.416
17	ASTEI	2	0.94	0.47	0.0	24,ASTEI 0.94
ASTEI	25	2	1.398	0.699	0.0	20,25 1.398
21	14	74	44.1	0.595945945946	0.139684769807	23,14 44.1
AMACU	ASTES	2	1.092	0.546	0.0	22,ASTES 1.092
AEPIR	14	8	3.6	0.45	0.0756273759957	25,14 3.6
16	25	4	2.314	0.5785	0.0455	17,25 2.314
AMERU	AQUAD	266	132.668	0.498751879699	0.107563892956	19,AQUAD 132.668
AQUAD	ASTEI	4	1.988	0.497	0.094	14,ASTEI 1.988
ASTES	AGAMB	2	0.814	0.407	0.0	20,AGAMB 0.814
AQUAD	ACOLU	362	226.128	0.624662983425	0.164444358959	14,ACOLU 226.128
ACOLU	14	132	81.856	0.620121212121	0.172195406544	15,14 81.856
ACULI	ASTES	10	4.78	0.478	0.0855453096318	16,ASTES 4.78
AMINI	25	2	1.23	0.615	0.0	16,25 1.23
14	15	278	172.234	0.61954676259	0.194801105836	18,15 172.234
AMACU	AMERU	6	3.03	0.505	0.0724292758489	22,AMERU 3.03
AARAB	15	2852	2160.134	0.757410238429	0.198238942007	14,15 2160.134
20	21	2	0.762	0.381	0.0	22,21 0.762
AMINI	AARAB	6	2.422	0.403666666667	0.063168205786	16,AARAB 2.422
18	15	2	0.718	0.359	0.0	19,15 0.718
AFUNE	20	4	2.536	0.634	0.025	17,20 2.536
AMACU	ACOLU	2	1.328	0.664	0.0	22,ACOLU 1.328
ACHRI	22	8	4.368	0.546	0.129446900311	23,22 4.368
ACULI	AFUNE	10	4.684	0.4684	0.0419647471099	16,AFUNE 4.684
ACHRI	14	6	2.808	0.468	0.127140342404	23,14 2.808
AMELA	ACOLU	120	68.528	0.571066666667	0.166101361289	18,ACOLU 68.528
AMINI	AFUNE	12	6.688	0.557333333333	0.192322356706	16,AFUNE 6.688
ACULI	ACHRI	2	0.718	0.359	0.0	16,ACHRI 0.718
ACULI	AMERU	6	2.992	0.498666666667	0.00664997911442	16,AMERU 2.992
AMACU	AMELA	6	3.052	0.508666666667	0.051279192228	22,AMELA 3.052
ASTEI	AMELA	2	0.998	0.499	0.0	20,AMELA 0.998
AMERU	AMACU	2	1.224	0.612	0.0	19,AMACU 1.224
ACULI	19	4	1.856	0.464	0.047	16,19 1.856
ACOLU	ASTEI	2	1.29	0.645	0.0	15,ASTEI 1.29
21	AMACU	4	1.978	0.4945	0.1365	23,AMACU 1.978
AMINI	ASTEI	4	2.558	0.6395	0.1475	16,ASTEI 2.558
AARAB	AGAMB	1012	639.666	0.632081027668	0.175171184923	14,AGAMB 639.666
AQUAD	AARAB	2	1.112	0.556	0.0	14,AARAB 1.112
AMINI	22	4	1.852	0.463	0.082	16,22 1.852
AGAMB	AQUAD	258	151.882	0.588689922481	0.166174924108	15,AQUAD 151.882
AMERU	AARAB	34	16.098	0.473470588235	0.0777803223618	19,AARAB 16.098
15	ACULI	2	0.712	0.356	0.0	21,ACULI 0.712
AMERU	24	16	6.95	0.434375	0.0891879160817	19,24 6.95
ASTEI	14	6	3.072	0.512	0.128260152295	20,14 3.072
AQUAD	AEPIR	24	10.786	0.449416666667	0.102198710309	14,AEPIR 10.786
21	AGAMB	2	0.7	0.35	0.0	23,AGAMB 0.7
21	24	20	10.906	0.5453	0.12105457447	23,24 10.906
ACOLU	AMERU	74	38.072	0.514486486486	0.149695478569	15,AMERU 38.072
18	AEPIR	2	0.718	0.359	0.0	19,AEPIR 0.718
AMERU	AGAMB	24	13.316	0.554833333333	0.0966926689166	19,AGAMB 13.316
AMELA	22	2	0.972	0.486	0.0	18,22 0.972
15	AARAB	332	180.082	0.542415662651	0.146125880691	21,AARAB 180.082
AFUNE	18	2	0.72	0.36	0.0	17,18 0.72
AFUNE	ACULI	10	4.674	0.4674	0.103752783095	17,ACULI 4.674
ACOLU	22	2	1.35	0.675	0.0	15,22 1.35
ACOLU	16	2	0.908	0.454	0.0	15,16 0.908
ASTEI	AMACU	18	11.73	0.651666666667	0.244469948165	20,AMACU 11.73
AFUNE	AARAB	10	5.416	0.5416	0.158675265873	17,AARAB 5.416
19	AARAB	26	11.96	0.46	0.0940122741577	21,AARAB 11.96
ACHRI	AMACU	8	5.904	0.738	0.103198837203	23,AMACU 5.904
AEPIR	24	34	13.666	0.401941176471	0.0469598960168	25,24 13.666
ACOLU	ASTES	2	0.836	0.418	0.0	15,ASTES 0.836
15	AMELA	20	10.38	0.519	0.134510966096	21,AMELA 10.38
21	AMINI	2	0.832	0.416	0.0	23,AMINI 0.832
ASTEI	ACULI	8	3.702	0.46275	0.0665934493775	20,ACULI 3.702
AGAMB	AMACU	4	1.8	0.45	0.097	15,AMACU 1.8
ASTES	AMACU	4	2.744	0.686	0.302	20,AMACU 2.744
AQUAD	20	2	0.77	0.385	0.0	14,20 0.77
AFUNE	16	2	1.59	0.795	0.0	17,16 1.59
AQUAD	AMELA	14	7.284	0.520285714286	0.14298223095	14,AMELA 7.284
AEPIR	ACOLU	2	0.732	0.366	0.0	25,ACOLU 0.732
AEPIR	ASTEI	8	3.8	0.475	0.131032438732	25,ASTEI 3.8
14	ACOLU	86	46.652	0.542465116279	0.147981669015	18,ACOLU 46.652
AMACU	16	6	4.296	0.716	0.134434618557	22,16 4.296
AGAMB	ACHRI	6	2.792	0.465333333333	0.127452823516	15,ACHRI 2.792
ACHRI	AMELA	2	1.108	0.554	0.0	23,AMELA 1.108
AFUNE	ASTEI	4	2.66	0.665	0.149	17,ASTEI 2.66
AFUNE	ASTES	10	4.27	0.427	0.050789762748	17,ASTES 4.27
AMINI	AGAMB	2	1.078	0.539	0.0	16,AGAMB 1.078
AGAMB	19	14	6.04	0.431428571429	0.111233161991	15,19 6.04
AGAMB	ASTEI	2	1.216	0.608	0.0	15,ASTEI 1.216
24	25	26	10.048	0.386461538462	0.035138441331	26,25 10.048
AQUAD	ACHRI	12	6.324	0.527	0.114230760597	14,ACHRI 6.324
AMERU	15	2	0.732	0.366	0.0	19,15 0.732
AGAMB	ACOLU	4	1.912	0.478	0.084	15,ACOLU 1.912
AFUNE	25	16	7.548	0.47175	0.0763736702012	17,25 7.548
AMELA	24	50	21.58	0.4316	0.0849013545239	18,24 21.58
ACHRI	AARAB	4	1.924	0.481	0.115	23,AARAB 1.924
ACULI	21	2	0.718	0.359	0.0	16,21 0.718
AQUAD	16	2	1.046	0.523	0.0	14,16 1.046
ACOLU	18	26	14.378	0.553	0.159819128536	15,18 14.378
15	18	2	1.31	0.655	0.0	21,18 1.31
AMINI	20	6	3.474	0.579	0.150547888284	16,20 3.474
AEPIR	19	4	1.566	0.3915	0.0085	25,19 1.566
ACHRI	17	6	3.294	0.549	0.189203594046	23,17 3.294
20	25	46	21.168	0.460173913043	0.074885217775	22,25 21.168
16	ASTEI	2	0.718	0.359	0.0	17,ASTEI 0.718
AARAB	ACOLU	1194	752.378	0.630132328308	0.173583535497	14,ACOLU 752.378
18	AQUAD	2	0.848	0.424	0.0	19,AQUAD 0.848
AEPIR	AMINI	4	2.078	0.5195	0.1035	25,AMINI 2.078
AEPIR	ACULI	2	0.708	0.354	0.0	25,ACULI 0.708
ACHRI	AGAMB	4	1.624	0.406	0.041	23,AGAMB 1.624
ACHRI	AEPIR	6	2.408	0.401333333333	0.030684777261	23,AEPIR 2.408
16	ACOLU	2	0.936	0.468	0.0	17,ACOLU 0.936
ASTES	AFUNE	6	2.788	0.464666666667	0.0300702880303	20,AFUNE 2.788
ASTES	ASTEI	4	1.606	0.4015	0.0055	20,ASTEI 1.606
24	ACHRI	8	2.982	0.37275	0.0172100987795	26,ACHRI 2.982
AGAMB	24	6	3.482	0.580333333333	0.1501428949	15,24 3.482
