#older	younger	score
21,14 41.716
15,14 77.448
21,24 0.85
17,22 1.994
23,17 0.814
14,24 9.7
17,14 3.228
23,24 489.636
18,15 81.44
15,22 1.072
15,24 2.268
22,25 1.506
16,14 0.914
16,14 3.22
17,20 0.876
16,25 6.994
20,17 3.15
22,17 2.496
18,17 1.546
15,18 19.018
16,22 7.23
17,23 0.716
24,16 0.886
19,17 1.154
17,23 2.216
20,17 1.34
21,24 0.88
22,21 1.8
25,20 1.098
16,20 1.392
15,19 9.016
22,19 5.432
25,18 9.248
23,16 0.718
14,24 18.83
14,15 594.382
20,25 1.398
23,14 44.1
25,14 3.6
17,25 2.314
15,14 81.856
16,25 1.23
18,15 172.234
14,15 2160.134
22,21 0.762
19,15 0.718
17,20 2.536
23,22 4.368
23,14 2.808
16,19 1.856
16,22 1.852
19,24 6.95
20,14 3.072
23,24 10.906
18,22 0.972
17,18 0.72
15,22 1.35
15,16 0.908
25,24 13.666
14,20 0.77
17,16 1.59
22,16 4.296
15,19 6.04
26,25 10.048
19,15 0.732
17,25 7.548
18,24 21.58
16,21 0.718
14,16 1.046
15,18 14.378
21,18 1.31
16,20 3.474
25,19 1.566
23,17 3.294
22,25 21.168
15,24 3.482
