#donor	receptor	nb	sum	mean	std	older,younger	score
AGAMB	14	10	8.818	0.8818	0.01507846146	15,14 8.818
ACULI	AMACU	2	1.754	0.877	0.0	16,AMACU 1.754
AARAB	AMERU	16	14.548	0.90925	0.0490885679156	14,AMERU 14.548
21	AQUAD	4	3.496	0.874	0.005	23,AQUAD 3.496
ACHRI	24	4	3.59	0.8975	0.0335	23,24 3.59
AMELA	15	8	7.06	0.8825	0.0226329405955	18,15 7.06
ACOLU	AMELA	6	5.402	0.900333333333	0.022125902367	15,AMELA 5.402
ACOLU	AARAB	130	114.984	0.884492307692	0.0211362780196	15,AARAB 114.984
ACOLU	AEPIR	2	1.952	0.976	0.0	15,AEPIR 1.952
AQUAD	AMERU	22	20.172	0.916909090909	0.0268106306781	14,AMERU 20.172
AGAMB	AARAB	188	166.228	0.884191489362	0.0211228809063	15,AARAB 166.228
14	AGAMB	6	5.228	0.871333333333	0.00942809041582	18,AGAMB 5.228
AGAMB	AMELA	8	7.06	0.8825	0.0277533781728	15,AMELA 7.06
AMINI	AEPIR	2	1.802	0.901	0.0	16,AEPIR 1.802
ACOLU	AQUAD	20	17.492	0.8746	0.0157810012357	15,AQUAD 17.492
ACULI	22	2	1.79	0.895	0.0	16,22 1.79
AQUAD	AGAMB	62	54.76	0.883225806452	0.0176062849435	14,AGAMB 54.76
AGAMB	AMERU	2	1.838	0.919	0.0	15,AMERU 1.838
21	AARAB	4	3.498	0.8745	0.0015	23,AARAB 3.498
AQUAD	15	310	286.43	0.923967741935	0.0378459388634	14,15 286.43
AMELA	AGAMB	10	8.956	0.8956	0.0260583959598	18,AGAMB 8.956
AMERU	AQUAD	2	1.7	0.85	0.0	19,AQUAD 1.7
AQUAD	ACOLU	48	42.286	0.880958333333	0.0207414222565	14,ACOLU 42.286
ACOLU	14	14	12.236	0.874	0.0131583759311	15,14 12.236
14	15	50	44.51	0.8902	0.029558078422	18,15 44.51
AARAB	15	1304	1217.884	0.933960122699	0.0380784015876	14,15 1217.884
AMELA	ACOLU	8	7.076	0.8845	0.018848076825	18,ACOLU 7.076
AMINI	AFUNE	2	1.796	0.898	0.0	16,AFUNE 1.796
AARAB	AGAMB	164	145.706	0.888451219512	0.023310812125	14,AGAMB 145.706
AGAMB	AQUAD	18	15.802	0.877888888889	0.0196041063978	15,AQUAD 15.802
ACOLU	AMERU	2	1.706	0.853	0.0	15,AMERU 1.706
15	AARAB	12	10.62	0.885	0.0119303534454	21,AARAB 10.62
ASTEI	AMACU	8	7.346	0.91825	0.0424109360896	20,AMACU 7.346
ACHRI	AMACU	2	1.732	0.866	0.0	23,AMACU 1.732
15	AMELA	2	1.722	0.861	0.0	21,AMELA 1.722
ASTES	AMACU	2	1.976	0.988	0.0	20,AMACU 1.976
14	ACOLU	6	5.22	0.87	0.0156418242755	18,ACOLU 5.22
AMACU	16	2	1.718	0.859	0.0	22,16 1.718
AARAB	ACOLU	176	155.992	0.886318181818	0.0198222472894	14,ACOLU 155.992
