#donor	receptor	nb	sum	mean	std	older,younger	score
AARAB	22	2	0.472	0.236	0.0	14,22 0.472
15	14	178	65.8	0.369662921348	0.14248957729	21,14 65.8
AGAMB	14	256	110.76	0.43265625	0.211835558184	15,14 110.76
26	ACULI	2	0.532	0.266	0.0	26,ACULI 0.532
AEPIR	AMACU	38	9.896	0.260421052632	0.0536021560736	25,AMACU 9.896
ASTES	AEPIR	40	9.57	0.23925	0.0242340153503	20,AEPIR 9.57
AGAMB	AMINI	12	4.254	0.3545	0.118691125756	15,AMINI 4.254
23	AQUAD	6	1.604	0.267333333333	0.0785974271561	25,AQUAD 1.604
20	AMERU	2	0.462	0.231	0.0	22,AMERU 0.462
20	AGAMB	2	0.924	0.462	0.0	22,AGAMB 0.924
AEPIR	15	2	0.666	0.333	0.0	25,15 0.666
AMINI	AMACU	42	11.522	0.274333333333	0.109725776515	16,AMACU 11.522
22	21	2	0.626	0.313	0.0	24,21 0.626
15	24	4	1.276	0.319	0.106	21,24 1.276
AMACU	18	2	0.632	0.316	0.0	22,18 0.632
ACULI	AMACU	666	168.886	0.253582582583	0.0652784053661	16,AMACU 168.886
16	22	10	3.488	0.3488	0.139859071926	17,22 3.488
21	17	4	1.474	0.3685	0.0385	23,17 1.474
AARAB	AFUNE	24	8.192	0.341333333333	0.158048164248	14,AFUNE 8.192
AARAB	AMINI	14	4.022	0.287285714286	0.063535623946	14,AMINI 4.022
AARAB	ASTES	18	5.21	0.289444444444	0.133881465908	14,ASTES 5.21
ASTES	14	2	0.568	0.284	0.0	20,14 0.568
ASTEI	19	2	0.4	0.2	0.0	20,19 0.4
AQUAD	AMINI	18	4.528	0.251555555556	0.0555679986065	14,AMINI 4.528
ACULI	AMELA	52	13.83	0.265961538462	0.138349190531	16,AMELA 13.83
AARAB	24	94	28.104	0.298978723404	0.0892926075332	14,24 28.104
ASTEI	AFUNE	28	8.328	0.297428571429	0.116173954719	20,AFUNE 8.328
AFUNE	AMELA	6	1.328	0.221333333333	0.0102089285541	17,AMELA 1.328
AMERU	ACULI	60	14.484	0.2414	0.0580141362083	19,ACULI 14.484
AMINI	ACHRI	12	3.468	0.289	0.046640468837	16,ACHRI 3.468
AEPIR	21	2	0.404	0.202	0.0	25,21 0.404
AMERU	AMELA	70	19.762	0.282314285714	0.10385092927	19,AMELA 19.762
ACULI	AARAB	14	4.302	0.307285714286	0.189803442905	16,AARAB 4.302
AMELA	AEPIR	106	30.828	0.290830188679	0.0886380675171	18,AEPIR 30.828
21	AMELA	246	91.226	0.370837398374	0.145217995592	23,AMELA 91.226
20	AMINI	18	4.618	0.256555555556	0.0917703790399	22,AMINI 4.618
ASTEI	AEPIR	36	12.134	0.337055555556	0.169786948923	20,AEPIR 12.134
20	ACULI	18	4.402	0.244555555556	0.0309483839503	22,ACULI 4.402
AMINI	19	2	0.674	0.337	0.0	16,19 0.674
AARAB	AMERU	220	85.052	0.3866	0.201801937102	14,AMERU 85.052
25	ACULI	2	0.4	0.2	0.0	26,ACULI 0.4
20	18	4	1.004	0.251	0.021	22,18 1.004
20	ACHRI	2	0.452	0.226	0.0	22,ACHRI 0.452
AMINI	ACOLU	8	1.802	0.22525	0.0133674043853	16,ACOLU 1.802
AARAB	20	10	2.55	0.255	0.0334544466402	14,20 2.55
21	AQUAD	268	121.156	0.452074626866	0.206693248338	23,AQUAD 121.156
17	AGAMB	2	0.4	0.2	0.0	24,AGAMB 0.4
AFUNE	14	14	4.778	0.341285714286	0.0766694468588	17,14 4.778
ACHRI	ASTEI	36	12.95	0.359722222222	0.170929096917	23,ASTEI 12.95
17	20	4	1.064	0.266	0.032	24,20 1.064
14	20	2	0.524	0.262	0.0	18,20 0.524
ASTEI	AARAB	2	0.53	0.265	0.0	20,AARAB 0.53
AMACU	AARAB	6	1.372	0.228666666667	0.00543650214343	22,AARAB 1.372
AFUNE	15	2	0.53	0.265	0.0	17,15 0.53
23	24	2	0.504	0.252	0.0	25,24 0.504
18	AGAMB	48	17.546	0.365541666667	0.137680178665	19,AGAMB 17.546
ACHRI	24	1560	650.724	0.417130769231	0.158205848791	23,24 650.724
AGAMB	AFUNE	4	1.412	0.353	0.118	15,AFUNE 1.412
17	ACULI	16	4.206	0.262875	0.0596980684361	24,ACULI 4.206
AMINI	AMELA	8	2.134	0.26675	0.0755293817001	16,AMELA 2.134
ACULI	18	2	0.47	0.235	0.0	16,18 0.47
AARAB	ACULI	12	3.296	0.274666666667	0.100566175007	14,ACULI 3.296
ASTEI	AGAMB	6	1.372	0.228666666667	0.0183726850394	20,AGAMB 1.372
19	AMINI	2	0.43	0.215	0.0	21,AMINI 0.43
AMACU	AQUAD	6	1.324	0.220666666667	0.0146135401445	22,AQUAD 1.324
AFUNE	AEPIR	54	17.296	0.320296296296	0.146871527335	17,AEPIR 17.296
AMELA	15	254	110.248	0.434047244094	0.193370472152	18,15 110.248
AQUAD	AFUNE	24	6.736	0.280666666667	0.0693713837896	14,AFUNE 6.736
21	AEPIR	16	5.172	0.32325	0.135829626739	23,AEPIR 5.172
20	AMELA	2	0.824	0.412	0.0	22,AMELA 0.824
AMERU	ASTES	8	2.022	0.25275	0.0620498791296	19,ASTES 2.022
AGAMB	22	6	2.39	0.398333333333	0.0973664327282	15,22 2.39
AQUAD	ASTES	16	3.616	0.226	0.0191245914989	14,ASTES 3.616
AMERU	ACHRI	14	3.568	0.254857142857	0.0648259837046	19,ACHRI 3.568
ACOLU	AMELA	302	112.966	0.374059602649	0.189543412064	15,AMELA 112.966
AQUAD	ACULI	12	3.06	0.255	0.0477004542257	14,ACULI 3.06
20	14	2	0.446	0.223	0.0	22,14 0.446
ACHRI	ASTES	12	2.746	0.228833333333	0.0212243309016	23,ASTES 2.746
AMERU	16	4	1.06	0.265	0.033	19,16 1.06
15	AGAMB	2	0.408	0.204	0.0	21,AGAMB 0.408
ACOLU	24	28	7.39	0.263928571429	0.0676994031264	15,24 7.39
AMACU	25	12	3.644	0.303666666667	0.0606620877393	22,25 3.644
AFUNE	AQUAD	22	6.654	0.302454545455	0.0970467213032	17,AQUAD 6.654
ACOLU	AARAB	1434	719.594	0.501808926081	0.228284863345	15,AARAB 719.594
ACOLU	AMINI	8	2.542	0.31775	0.121941328105	15,AMINI 2.542
ACOLU	AFUNE	4	1.312	0.328	0.11	15,AFUNE 1.312
AMINI	14	2	0.914	0.457	0.0	16,14 0.914
ACOLU	AEPIR	44	12.904	0.293272727273	0.154329983482	15,AEPIR 12.904
AQUAD	AMERU	588	248.548	0.422700680272	0.19562449852	14,AMERU 248.548
24	21	4	1.232	0.308	0.02	26,21 1.232
ACULI	14	8	3.646	0.45575	0.140814372491	16,14 3.646
16	20	8	2.308	0.2885	0.0906683517	17,20 2.308
ASTES	AARAB	16	3.784	0.2365	0.0218689277286	20,AARAB 3.784
AMELA	AQUAD	24	5.592	0.233	0.0425382181103	18,AQUAD 5.592
AFUNE	21	2	0.528	0.264	0.0	17,21 0.528
ACOLU	ACULI	22	6.882	0.312818181818	0.156978758367	15,ACULI 6.882
AMERU	AFUNE	2	0.408	0.204	0.0	19,AFUNE 0.408
ACULI	25	18	8.09	0.449444444444	0.15423727112	16,25 8.09
ASTES	17	36	10.274	0.285388888889	0.132127522109	20,17 10.274
14	ASTEI	2	0.568	0.284	0.0	18,ASTEI 0.568
15	ACHRI	2	0.626	0.313	0.0	21,ACHRI 0.626
AMELA	AMINI	6	1.298	0.216333333333	0.00703957069398	18,AMINI 1.298
AMINI	ASTES	86	23.592	0.274325581395	0.0760433538922	16,ASTES 23.592
16	AMACU	4	2.454	0.6135	0.0485	17,AMACU 2.454
AGAMB	AARAB	1348	715.986	0.531146884273	0.239284679723	15,AARAB 715.986
ACULI	AGAMB	14	3.256	0.232571428571	0.0205902691501	16,AGAMB 3.256
AMELA	ACULI	98	24.45	0.249489795918	0.0458947875965	18,ACULI 24.45
23	AARAB	8	1.916	0.2395	0.012816005618	25,AARAB 1.916
AEPIR	AMELA	20	4.728	0.2364	0.0285243755409	25,AMELA 4.728
AARAB	ACHRI	44	11.99	0.2725	0.0674905717321	14,ACHRI 11.99
ASTEI	21	2	0.574	0.287	0.0	20,21 0.574
AMACU	ASTEI	46	15.498	0.336913043478	0.158258432853	22,ASTEI 15.498
20	ACOLU	2	0.566	0.283	0.0	22,ACOLU 0.566
AFUNE	AMINI	36	9.822	0.272833333333	0.0914805686714	17,AMINI 9.822
14	AMERU	2	0.412	0.206	0.0	18,AMERU 0.412
AMELA	ASTEI	6	1.538	0.256333333333	0.0460820524234	18,ASTEI 1.538
AMERU	22	4	1.064	0.266	0.064	19,22 1.064
14	AGAMB	336	116.296	0.346119047619	0.173659896456	18,AGAMB 116.296
20	ASTEI	16	3.784	0.2365	0.0183507493035	22,ASTEI 3.784
15	AMACU	2	0.554	0.277	0.0	21,AMACU 0.554
AMACU	17	32	9.412	0.294125	0.0697978106748	22,17 9.412
AMELA	17	4	1.546	0.3865	0.0125	18,17 1.546
AMINI	AMERU	4	1.41	0.3525	0.1215	16,AMERU 1.41
ASTES	ACHRI	12	3.058	0.254833333333	0.049438233068	20,ACHRI 3.058
AEPIR	AARAB	28	8.746	0.312357142857	0.126333236857	25,AARAB 8.746
24	AEPIR	166	44.0	0.265060240964	0.0497066937864	26,AEPIR 44.0
AGAMB	20	2	0.47	0.235	0.0	15,20 0.47
ASTES	AMINI	54	14.7	0.272222222222	0.110750080121	20,AMINI 14.7
23	ASTES	2	0.6	0.3	0.0	25,ASTES 0.6
AGAMB	AMELA	248	85.75	0.345766129032	0.179815008383	15,AMELA 85.75
21	ACULI	16	5.33	0.333125	0.120341636082	23,ACULI 5.33
AGAMB	18	68	26.894	0.3955	0.172882185317	15,18 26.894
ASTEI	15	2	0.434	0.217	0.0	20,15 0.434
ACHRI	AQUAD	22	5.686	0.258454545455	0.0954971333567	23,AQUAD 5.686
AMERU	14	2	0.47	0.235	0.0	19,14 0.47
AMACU	23	4	0.99	0.2475	0.0375	22,23 0.99
AARAB	AEPIR	106	31.238	0.294698113208	0.109531176729	14,AEPIR 31.238
AMELA	AMACU	56	14.072	0.251285714286	0.0924302274084	18,AMACU 14.072
ACULI	AEPIR	52	13.452	0.258692307692	0.0557472105068	16,AEPIR 13.452
AFUNE	AGAMB	8	1.888	0.236	0.0386328875442	17,AGAMB 1.888
AMINI	AEPIR	26	7.498	0.288384615385	0.179454103179	16,AEPIR 7.498
ACOLU	AQUAD	350	147.03	0.420085714286	0.205994004272	15,AQUAD 147.03
17	ASTES	14	3.38	0.241428571429	0.0396911546204	24,ASTES 3.38
ACULI	22	40	14.292	0.3573	0.188584755481	16,22 14.292
ACOLU	17	2	0.6	0.3	0.0	15,17 0.6
15	19	4	1.124	0.281	0.033	21,19 1.124
AQUAD	AGAMB	1062	478.972	0.451009416196	0.214532123297	14,AGAMB 478.972
ACULI	ACOLU	14	4.716	0.336857142857	0.201853857015	16,ACOLU 4.716
23	AMINI	2	0.558	0.279	0.0	25,AMINI 0.558
ACHRI	18	2	0.432	0.216	0.0	23,18 0.432
17	AMACU	30	8.582	0.286066666667	0.0760179510964	24,AMACU 8.582
AFUNE	23	4	1.268	0.317	0.041	17,23 1.268
20	AEPIR	2	0.72	0.36	0.0	22,AEPIR 0.72
AMERU	ACOLU	254	73.878	0.290858267717	0.106706952036	19,ACOLU 73.878
AGAMB	ACULI	26	8.584	0.330153846154	0.132826576438	15,ACULI 8.584
AMACU	ACULI	704	184.428	0.261971590909	0.0683103237387	22,ACULI 184.428
19	AGAMB	2	0.63	0.315	0.0	21,AGAMB 0.63
AMERU	ASTEI	6	1.964	0.327333333333	0.150351440151	19,ASTEI 1.964
AMERU	AEPIR	24	5.69	0.237083333333	0.0378758021551	19,AEPIR 5.69
21	ASTES	2	0.598	0.299	0.0	23,ASTES 0.598
19	ACOLU	4	0.832	0.208	0.008	21,ACOLU 0.832
AEPIR	ASTES	34	8.422	0.247705882353	0.0308750131334	25,ASTES 8.422
21	ASTEI	6	1.936	0.322666666667	0.0923844623781	23,ASTEI 1.936
ASTES	25	8	2.002	0.25025	0.0419188203555	20,25 2.002
22	16	2	0.886	0.443	0.0	24,16 0.886
16	ASTES	12	2.948	0.245666666667	0.0555867690093	17,ASTES 2.948
ASTEI	ACHRI	26	8.342	0.320846153846	0.170939866239	20,ACHRI 8.342
ACOLU	AMACU	20	6.536	0.3268	0.174196326023	15,AMACU 6.536
AMERU	AMINI	2	0.516	0.258	0.0	19,AMINI 0.516
14	24	10	2.57	0.257	0.029522872489	18,24 2.57
AFUNE	ACHRI	26	7.49	0.288076923077	0.146581802595	17,ACHRI 7.49
AMERU	17	2	1.154	0.577	0.0	19,17 1.154
ASTEI	23	2	0.566	0.283	0.0	20,23 0.566
AMERU	20	2	0.404	0.202	0.0	19,20 0.404
AGAMB	17	10	2.488	0.2488	0.0327804819977	15,17 2.488
AGAMB	ASTES	14	4.592	0.328	0.136137535498	15,ASTES 4.592
20	AMACU	82	19.42	0.236829268293	0.0239388473336	22,AMACU 19.42
AEPIR	16	2	0.41	0.205	0.0	25,16 0.41
AEPIR	AMERU	4	1.848	0.462	0.019	25,AMERU 1.848
ASTES	ACULI	78	20.404	0.26158974359	0.0256772052444	20,ACULI 20.404
AARAB	AMELA	72	20.648	0.286777777778	0.0926025290965	14,AMELA 20.648
ASTEI	AMINI	22	6.736	0.306181818182	0.148337341698	20,AMINI 6.736
AMACU	AFUNE	44	11.096	0.252181818182	0.0598966051274	22,AFUNE 11.096
ASTES	19	4	0.866	0.2165	0.0065	20,19 0.866
24	AGAMB	2	0.572	0.286	0.0	26,AGAMB 0.572
16	23	6	2.694	0.449	0.151217282963	17,23 2.694
24	AMACU	2	0.468	0.234	0.0	26,AMACU 0.468
ASTES	AQUAD	18	5.088	0.282666666667	0.161240331321	20,AQUAD 5.088
AMELA	AMERU	86	22.612	0.262930232558	0.105021015693	18,AMERU 22.612
19	ACULI	6	1.682	0.280333333333	0.0203360653902	21,ACULI 1.682
22	ACULI	18	4.788	0.266	0.0702456008903	24,ACULI 4.788
AMACU	ACHRI	48	13.278	0.276625	0.110571927005	22,ACHRI 13.278
ASTEI	17	10	3.398	0.3398	0.17015569341	20,17 3.398
ASTEI	AQUAD	4	2.266	0.5665	0.1995	20,AQUAD 2.266
AMACU	AGAMB	14	4.77	0.340714285714	0.129304418536	22,AGAMB 4.77
19	24	4	1.302	0.3255	0.1145	21,24 1.302
ACOLU	20	2	0.478	0.239	0.0	15,20 0.478
AMACU	21	8	2.658	0.33225	0.120532931185	22,21 2.658
AGAMB	AMERU	124	45.864	0.369870967742	0.193443205291	15,AMERU 45.864
14	AEPIR	18	5.984	0.332444444444	0.114179304518	18,AEPIR 5.984
AEPIR	20	6	2.098	0.349666666667	0.145868281527	25,20 2.098
ACHRI	ACULI	66	17.186	0.260393939394	0.0709856747793	23,ACULI 17.186
16	ACULI	4	0.986	0.2465	0.0145	17,ACULI 0.986
21	AARAB	198	82.19	0.415101010101	0.192780007291	23,AARAB 82.19
ACULI	20	20	6.424	0.3212	0.13151334533	16,20 6.424
ACOLU	AGAMB	20	6.096	0.3048	0.134236954673	15,AGAMB 6.096
22	ASTES	6	2.06	0.343333333333	0.192132477444	24,ASTES 2.06
18	ACOLU	22	7.66	0.348181818182	0.103752168154	19,ACOLU 7.66
ACOLU	19	40	14.786	0.36965	0.145976119622	15,19 14.786
21	18	6	1.64	0.273333333333	0.0391095327964	23,18 1.64
ACULI	ASTEI	90	23.086	0.256511111111	0.0312193830263	16,ASTEI 23.086
20	19	8	5.432	0.679	0.18606047404	22,19 5.432
AMELA	ASTES	4	0.912	0.228	0.004	18,ASTES 0.912
ACOLU	ACHRI	2	0.434	0.217	0.0	15,ACHRI 0.434
AEPIR	18	78	24.456	0.313538461538	0.0795654370762	25,18 24.456
ASTES	21	2	0.422	0.211	0.0	20,21 0.422
ACHRI	16	6	1.836	0.306	0.0666483308118	23,16 1.836
15	AQUAD	232	89.178	0.384387931034	0.170153671495	21,AQUAD 89.178
AMACU	19	6	1.508	0.251333333333	0.0140079342596	22,19 1.508
14	AFUNE	2	0.654	0.327	0.0	18,AFUNE 0.654
22	AMACU	38	8.398	0.221	0.0175529274811	24,AMACU 8.398
17	23	2	0.562	0.281	0.0	24,23 0.562
AEPIR	AFUNE	44	11.688	0.265636363636	0.109840605778	25,AFUNE 11.688
AMACU	AEPIR	38	10.06	0.264736842105	0.0728660213248	22,AEPIR 10.06
23	AMELA	2	0.442	0.221	0.0	25,AMELA 0.442
AGAMB	AEPIR	64	19.502	0.30471875	0.130807404792	15,AEPIR 19.502
AQUAD	24	130	40.448	0.311138461538	0.0892169140437	14,24 40.448
19	AQUAD	110	36.44	0.331272727273	0.129840105101	21,AQUAD 36.44
ACULI	AQUAD	6	1.59	0.265	0.0718377802181	16,AQUAD 1.59
AMACU	AMINI	42	11.502	0.273857142857	0.0711626478497	22,AMINI 11.502
AMINI	AQUAD	12	2.856	0.238	0.0176257387552	16,AQUAD 2.856
AMELA	ACHRI	50	14.628	0.29256	0.121738434358	18,ACHRI 14.628
22	AMERU	2	1.32	0.66	0.0	24,AMERU 1.32
AMELA	AFUNE	6	1.964	0.327333333333	0.116562810917	18,AFUNE 1.964
AMINI	23	2	0.536	0.268	0.0	16,23 0.536
AQUAD	AMACU	8	2.028	0.2535	0.0347167106737	14,AMACU 2.028
AEPIR	AQUAD	42	12.006	0.285857142857	0.083179258927	25,AQUAD 12.006
ASTEI	ACOLU	8	2.454	0.30675	0.116994390891	20,ACOLU 2.454
AQUAD	15	1244	706.34	0.567797427653	0.271989178655	14,15 706.34
AMELA	AGAMB	296	111.744	0.377513513514	0.195327877035	18,AGAMB 111.744
AMINI	ACULI	20	5.204	0.2602	0.0528635980614	16,ACULI 5.204
ASTEI	ASTES	30	7.266	0.2422	0.0448035712862	20,ASTES 7.266
AFUNE	AMACU	62	17.306	0.279129032258	0.10341702048	17,AMACU 17.306
AARAB	ASTEI	4	0.968	0.242	0.007	14,ASTEI 0.968
ASTES	AMELA	6	1.294	0.215666666667	0.0123648246607	20,AMELA 1.294
17	ASTEI	4	1.362	0.3405	0.1295	24,ASTEI 1.362
ASTEI	25	6	2.374	0.395666666667	0.214503043231	20,25 2.374
21	14	116	54.684	0.471413793103	0.20055793165	23,14 54.684
AMACU	ASTES	32	7.548	0.235875	0.0824885408708	22,ASTES 7.548
AEPIR	14	34	9.564	0.281294117647	0.104821284719	25,14 9.564
ACHRI	AMINI	12	2.808	0.234	0.0214786715914	23,AMINI 2.808
16	25	12	4.202	0.350166666667	0.164616135972	17,25 4.202
AMERU	AQUAD	552	208.334	0.377416666667	0.142573437514	19,AQUAD 208.334
AMELA	20	2	0.63	0.315	0.0	18,20 0.63
19	ACHRI	2	0.514	0.257	0.0	21,ACHRI 0.514
ASTES	ACOLU	8	1.8	0.225	0.0104880884817	20,ACOLU 1.8
AQUAD	ASTEI	6	2.492	0.415333333333	0.138670673019	14,ASTEI 2.492
ASTES	AGAMB	6	1.756	0.292666666667	0.0808551516946	20,AGAMB 1.756
AQUAD	ACOLU	628	293.928	0.468038216561	0.22267494762	14,ACOLU 293.928
ACOLU	14	230	107.496	0.467373913043	0.221930716211	15,14 107.496
22	AMINI	10	2.348	0.2348	0.0316063284802	24,AMINI 2.348
ACULI	ASTES	88	24.722	0.280931818182	0.0795856878771	16,ASTES 24.722
AMINI	25	16	4.872	0.3045	0.122309034826	16,25 4.872
14	15	600	256.266	0.42711	0.224191788208	18,15 256.266
AMACU	AMERU	20	6.426	0.3213	0.132109840663	22,AMERU 6.426
AARAB	15	3638	2371.044	0.651743815283	0.267774032946	14,15 2371.044
20	21	2	0.762	0.381	0.0	22,21 0.762
AMINI	AARAB	14	4.416	0.315428571429	0.0953292896721	16,AARAB 4.416
18	15	16	3.998	0.249875	0.0484392338399	19,15 3.998
AFUNE	20	18	6.102	0.339	0.161027947885	17,20 6.102
26	14	2	0.532	0.266	0.0	26,14 0.532
19	14	12	2.712	0.226	0.0139164171634	21,14 2.712
17	AMINI	4	0.922	0.2305	0.0135	24,AMINI 0.922
AMACU	ACOLU	22	6.164	0.280181818182	0.124019659865	22,ACOLU 6.164
ACHRI	22	18	6.8	0.377777777778	0.175258398295	23,22 6.8
AEPIR	ACHRI	24	5.628	0.2345	0.0304507799572	25,ACHRI 5.628
ACULI	AFUNE	66	17.812	0.269878787879	0.0899123335915	16,AFUNE 17.812
ACHRI	14	14	4.646	0.331857142857	0.144505490327	23,14 4.646
23	AGAMB	2	0.406	0.203	0.0	25,AGAMB 0.406
AMELA	ACOLU	366	128.466	0.351	0.182207891835	18,ACOLU 128.466
AMINI	AFUNE	86	25.528	0.296837209302	0.132685662854	16,AFUNE 25.528
ACULI	ACHRI	38	9.176	0.241473684211	0.041216205833	16,ACHRI 9.176
ACULI	AMERU	18	5.604	0.311333333333	0.132871700858	16,AMERU 5.604
AQUAD	22	2	0.484	0.242	0.0	14,22 0.484
AMACU	AMELA	32	9.09	0.2840625	0.111186481165	22,AMELA 9.09
ASTEI	AMELA	4	1.544	0.386	0.113	20,AMELA 1.544
AMERU	AMACU	26	6.812	0.262	0.103537432844	19,AMACU 6.812
18	ACULI	2	0.44	0.22	0.0	19,ACULI 0.44
ACULI	19	6	2.44	0.406666666667	0.0897044530048	16,19 2.44
ACOLU	ASTEI	10	3.646	0.3646	0.143590528936	15,ASTEI 3.646
21	AMACU	4	1.978	0.4945	0.1365	23,AMACU 1.978
25	24	6	1.86	0.31	0.00787400787401	26,24 1.86
AMINI	ASTEI	26	8.052	0.309692307692	0.155263242772	16,ASTEI 8.052
17	ACHRI	4	1.17	0.2925	0.0505	24,ACHRI 1.17
ASTES	AMERU	6	1.302	0.217	0.00509901951359	20,AMERU 1.302
22	25	4	0.972	0.243	0.043	24,25 0.972
15	20	2	0.42	0.21	0.0	21,20 0.42
AMELA	16	2	0.426	0.213	0.0	18,16 0.426
15	AEPIR	2	0.664	0.332	0.0	21,AEPIR 0.664
ACHRI	ACOLU	2	0.43	0.215	0.0	23,ACOLU 0.43
AARAB	AGAMB	1550	781.29	0.504058064516	0.226726449891	14,AGAMB 781.29
AQUAD	AARAB	4	1.54	0.385	0.171	14,AARAB 1.54
AMINI	22	18	5.312	0.295111111111	0.105761203183	16,22 5.312
25	ASTES	2	0.512	0.256	0.0	26,ASTES 0.512
AGAMB	AQUAD	578	233.498	0.403975778547	0.201698641478	15,AQUAD 233.498
AMERU	AARAB	126	38.908	0.308793650794	0.112904533171	19,AARAB 38.908
AARAB	AMACU	10	2.428	0.2428	0.0485114419493	14,AMACU 2.428
22	ASTEI	4	0.906	0.2265	0.0205	24,ASTEI 0.906
15	ACULI	8	2.404	0.3005	0.0524046753639	21,ACULI 2.404
AMERU	24	62	19.624	0.316516129032	0.0904843137244	19,24 19.624
22	ACOLU	2	0.548	0.274	0.0	24,ACOLU 0.548
ASTEI	14	8	3.73	0.46625	0.136444814852	20,14 3.73
25	20	4	0.972	0.243	0.023	26,20 0.972
AQUAD	AEPIR	114	33.34	0.292456140351	0.0988264596602	14,AEPIR 33.34
21	AGAMB	4	1.16	0.29	0.06	23,AGAMB 1.16
21	24	100	32.204	0.32204	0.130600912707	23,24 32.204
ACOLU	AMERU	250	81.368	0.325472	0.15129582022	15,AMERU 81.368
18	AEPIR	10	2.77	0.277	0.0544499770432	19,AEPIR 2.77
24	AMINI	2	0.43	0.215	0.0	26,AMINI 0.43
AMERU	AGAMB	106	33.382	0.314924528302	0.141440546755	19,AGAMB 33.382
AMELA	22	4	1.45	0.3625	0.1235	18,22 1.45
15	AARAB	728	282.242	0.387695054945	0.175318620081	21,AARAB 282.242
AFUNE	18	2	0.72	0.36	0.0	17,18 0.72
ACULI	23	6	1.3	0.216666666667	0.0130979218029	16,23 1.3
AFUNE	ACULI	32	9.92	0.31	0.126275492476	17,ACULI 9.92
ACOLU	22	2	1.35	0.675	0.0	15,22 1.35
ACOLU	16	2	0.908	0.454	0.0	15,16 0.908
ASTEI	AMACU	54	20.114	0.372481481481	0.24527963941	20,AMACU 20.114
ACULI	15	2	0.688	0.344	0.0	16,15 0.688
AFUNE	AARAB	28	10.12	0.361428571429	0.16782802179	17,AARAB 10.12
19	AARAB	114	35.54	0.311754385965	0.099995136847	21,AARAB 35.54
AARAB	17	4	1.002	0.2505	0.0365	14,17 1.002
20	23	10	2.436	0.2436	0.0194894843441	22,23 2.436
ACHRI	AMACU	54	16.886	0.312703703704	0.184926174422	23,AMACU 16.886
AEPIR	24	232	64.824	0.279413793103	0.0658672998464	25,24 64.824
AFUNE	22	10	2.688	0.2688	0.053150352774	17,22 2.688
ACOLU	ASTES	12	3.018	0.2515	0.0749572100157	15,ASTES 3.018
15	AMELA	78	25.548	0.327538461538	0.136233368056	21,AMELA 25.548
ACHRI	20	2	0.518	0.259	0.0	23,20 0.518
15	ASTES	2	0.556	0.278	0.0	21,ASTES 0.556
21	AMINI	2	0.832	0.416	0.0	23,AMINI 0.832
ACULI	AMINI	4	0.872	0.218	0.009	16,AMINI 0.872
ACHRI	AMERU	8	1.866	0.23325	0.0200919760103	23,AMERU 1.866
22	17	2	0.69	0.345	0.0	24,17 0.69
14	ACHRI	8	2.084	0.2605	0.0358503835405	18,ACHRI 2.084
16	AMELA	2	0.42	0.21	0.0	17,AMELA 0.42
ASTEI	ACULI	104	28.514	0.274173076923	0.0664361235016	20,ACULI 28.514
AGAMB	AMACU	18	5.69	0.316111111111	0.0990952902171	15,AMACU 5.69
ASTES	AMACU	52	13.618	0.261884615385	0.152958598451	20,AMACU 13.618
AQUAD	20	8	2.476	0.3095	0.0511492912952	14,20 2.476
AFUNE	AMERU	4	1.002	0.2505	0.0235	17,AMERU 1.002
AFUNE	16	4	2.024	0.506	0.289	17,16 2.024
AQUAD	AMELA	64	18.528	0.2895	0.14277276526	14,AMELA 18.528
26	ASTES	2	0.414	0.207	0.0	26,ASTES 0.414
AEPIR	ACOLU	30	7.196	0.239866666667	0.0358698883311	25,ACOLU 7.196
24	ACULI	2	0.544	0.272	0.0	26,ACULI 0.544
AEPIR	ASTEI	36	10.77	0.299166666667	0.115864504199	25,ASTEI 10.77
14	ACOLU	244	86.466	0.354368852459	0.167227792067	18,ACOLU 86.466
15	AMERU	16	4.036	0.25225	0.0304086747492	21,AMERU 4.036
18	AARAB	2	0.432	0.216	0.0	19,AARAB 0.432
AMACU	16	18	7.272	0.404	0.235249276773	22,16 7.272
AEPIR	17	4	0.868	0.217	0.017	25,17 0.868
18	24	2	0.404	0.202	0.0	19,24 0.404
15	22	4	1.166	0.2915	0.0285	21,22 1.166
AGAMB	ACHRI	32	9.044	0.282625	0.107448170645	15,ACHRI 9.044
ACHRI	AMELA	36	9.08	0.252222222222	0.0766561989633	23,AMELA 9.08
AARAB	AQUAD	6	1.408	0.234666666667	0.0254863798048	14,AQUAD 1.408
24	14	4	0.964	0.241	0.037	26,14 0.964
AFUNE	ASTEI	38	10.768	0.283368421053	0.141803500264	17,ASTEI 10.768
ACHRI	AFUNE	22	5.264	0.239272727273	0.0369325943974	23,AFUNE 5.264
AFUNE	ACOLU	2	0.436	0.218	0.0	17,ACOLU 0.436
AFUNE	ASTES	100	26.312	0.26312	0.0630290853495	17,ASTES 26.312
AMINI	AGAMB	8	2.506	0.31325	0.132499764151	16,AGAMB 2.506
AGAMB	19	38	11.558	0.304157894737	0.120618259575	15,19 11.558
ASTEI	16	16	3.966	0.247875	0.0431608546602	20,16 3.966
AEPIR	AGAMB	36	8.574	0.238166666667	0.0203804099839	25,AGAMB 8.574
AGAMB	ASTEI	12	3.61	0.300833333333	0.13926284102	15,ASTEI 3.61
24	25	286	76.66	0.268041958042	0.0551623001551	26,25 76.66
22	AEPIR	2	0.42	0.21	0.0	24,AEPIR 0.42
AQUAD	ACHRI	44	14.256	0.324	0.139795630053	14,ACHRI 14.256
AMERU	15	28	7.114	0.254071428571	0.0441563201846	19,15 7.114
AGAMB	ACOLU	8	2.85	0.35625	0.136660848453	15,ACOLU 2.85
16	ACHRI	6	1.404	0.234	0.0128322510366	17,ACHRI 1.404
AMACU	20	2	0.404	0.202	0.0	22,20 0.404
ASTES	16	14	3.304	0.236	0.0285657137142	20,16 3.304
AEPIR	23	2	0.634	0.317	0.0	25,23 0.634
AFUNE	25	24	9.424	0.392666666667	0.130464767487	17,25 9.424
AMELA	24	162	50.624	0.31249382716	0.0994101273447	18,24 50.624
ACHRI	AARAB	36	9.594	0.2665	0.0868908958279	23,AARAB 9.594
ACULI	21	6	1.552	0.258666666667	0.0712101740546	16,21 1.552
AQUAD	16	4	1.526	0.3815	0.1415	14,16 1.526
ACOLU	18	62	23.738	0.382870967742	0.180244411472	15,18 23.738
15	18	4	1.71	0.4275	0.2275	21,18 1.71
AMINI	20	30	9.162	0.3054	0.155376446091	16,20 9.162
AEPIR	19	282	72.304	0.256397163121	0.0376372908923	25,19 72.304
22	AGAMB	2	0.406	0.203	0.0	24,AGAMB 0.406
ACHRI	17	10	4.168	0.4168	0.21866997965	23,17 4.168
20	25	88	32.048	0.364181818182	0.116723697198	22,25 32.048
16	ASTEI	12	2.926	0.243833333333	0.0551041942344	17,ASTEI 2.926
AARAB	ACOLU	1774	907.502	0.511556933484	0.223102786396	14,ACOLU 907.502
18	AQUAD	36	9.39	0.260833333333	0.0500779947238	19,AQUAD 9.39
AEPIR	AMINI	20	5.814	0.2907	0.124220811461	25,AMINI 5.814
AEPIR	ACULI	52	12.822	0.246576923077	0.0359937741165	25,ACULI 12.822
17	AEPIR	4	0.868	0.217	0.0	24,AEPIR 0.868
ACHRI	AGAMB	24	6.37	0.265416666667	0.0696053857271	23,AGAMB 6.37
ACHRI	AEPIR	70	17.72	0.253142857143	0.0608727679472	23,AEPIR 17.72
20	ASTES	6	1.34	0.223333333333	0.0102740233383	22,ASTES 1.34
AMELA	AARAB	8	1.842	0.23025	0.0261760864149	18,AARAB 1.842
16	ACOLU	2	0.936	0.468	0.0	17,ACOLU 0.936
21	AFUNE	4	0.996	0.249	0.023	23,AFUNE 0.996
19	AEPIR	18	4.26	0.236666666667	0.0455509482765	21,AEPIR 4.26
ASTES	AFUNE	76	19.25	0.253289473684	0.0680688149846	20,AFUNE 19.25
ASTES	ASTEI	30	8.614	0.287133333333	0.0521700637872	20,ASTEI 8.614
24	ACHRI	62	16.23	0.261774193548	0.0518886585143	26,ACHRI 16.23
AGAMB	24	50	14.984	0.29968	0.121062205498	15,24 14.984
