#older	younger	score
14,22 0.472
21,14 65.8
15,14 110.76
25,15 0.666
24,21 0.626
21,24 1.276
22,18 0.632
17,22 3.488
23,17 1.474
20,14 0.568
20,19 0.4
14,24 28.104
25,21 0.404
16,19 0.674
22,18 1.004
14,20 2.55
17,14 4.778
24,20 1.064
18,20 0.524
17,15 0.53
25,24 0.504
23,24 650.724
16,18 0.47
18,15 110.248
15,22 2.39
22,14 0.446
19,16 1.06
15,24 7.39
22,25 3.644
16,14 0.914
26,21 1.232
16,14 3.646
17,20 2.308
17,21 0.528
16,25 8.09
20,17 10.274
20,21 0.574
19,22 1.064
22,17 9.412
18,17 1.546
15,20 0.47
15,18 26.894
20,15 0.434
19,14 0.47
22,23 0.99
16,22 14.292
15,17 0.6
21,19 1.124
23,18 0.432
17,23 1.268
20,25 2.002
24,16 0.886
18,24 2.57
19,17 1.154
20,23 0.566
19,20 0.404
15,17 2.488
25,16 0.41
20,19 0.866
17,23 2.694
20,17 3.398
21,24 1.302
15,20 0.478
22,21 2.658
25,20 2.098
16,20 6.424
15,19 14.786
23,18 1.64
22,19 5.432
25,18 24.456
20,21 0.422
23,16 1.836
22,19 1.508
24,23 0.562
14,24 40.448
16,23 0.536
14,15 706.34
20,25 2.374
23,14 54.684
25,14 9.564
17,25 4.202
18,20 0.63
15,14 107.496
16,25 4.872
18,15 256.266
14,15 2371.044
22,21 0.762
19,15 3.998
17,20 6.102
26,14 0.532
21,14 2.712
23,22 6.8
23,14 4.646
14,22 0.484
16,19 2.44
26,24 1.86
24,25 0.972
21,20 0.42
18,16 0.426
16,22 5.312
19,24 19.624
20,14 3.73
26,20 0.972
23,24 32.204
18,22 1.45
17,18 0.72
16,23 1.3
15,22 1.35
15,16 0.908
16,15 0.688
14,17 1.002
22,23 2.436
25,24 64.824
17,22 2.688
23,20 0.518
24,17 0.69
14,20 2.476
17,16 2.024
22,16 7.272
25,17 0.868
19,24 0.404
21,22 1.166
26,14 0.964
15,19 11.558
20,16 3.966
26,25 76.66
19,15 7.114
22,20 0.404
20,16 3.304
25,23 0.634
17,25 9.424
18,24 50.624
16,21 1.552
14,16 1.526
15,18 23.738
21,18 1.71
16,20 9.162
25,19 72.304
23,17 4.168
22,25 32.048
15,24 14.984
