#donor	receptor	nb	sum	mean	std	older,younger	score
15	14	16	10.908	0.68175	0.0769752395254	21,14 10.908
AGAMB	14	60	45.31	0.755166666667	0.0868535485106	15,14 45.31
AMINI	AMACU	2	1.416	0.708	0.0	16,AMACU 1.416
ACULI	AMACU	2	1.754	0.877	0.0	16,AMACU 1.754
AARAB	AFUNE	4	2.572	0.643	0.032	14,AFUNE 2.572
AARAB	ASTES	2	1.32	0.66	0.0	14,ASTES 1.32
ACULI	AMELA	2	1.662	0.831	0.0	16,AMELA 1.662
ASTEI	AFUNE	2	1.23	0.615	0.0	20,AFUNE 1.23
AMERU	AMELA	2	1.28	0.64	0.0	19,AMELA 1.28
ACULI	AARAB	2	1.538	0.769	0.0	16,AARAB 1.538
AMELA	AEPIR	2	1.374	0.687	0.0	18,AEPIR 1.374
21	AMELA	20	13.596	0.6798	0.0605537777517	23,AMELA 13.596
ASTEI	AEPIR	6	4.206	0.701	0.081767964387	20,AEPIR 4.206
AARAB	AMERU	34	27.082	0.796529411765	0.122164362594	14,AMERU 27.082
21	AQUAD	72	53.496	0.743	0.0833746564211	23,AQUAD 53.496
ACHRI	ASTEI	2	1.554	0.777	0.0	23,ASTEI 1.554
18	AGAMB	4	2.628	0.657	0.006	19,AGAMB 2.628
ACHRI	24	248	175.446	0.707443548387	0.0663375170477	23,24 175.446
AFUNE	AEPIR	4	2.88	0.72	0.056	17,AEPIR 2.88
AMELA	15	60	43.198	0.719966666667	0.0893687056836	18,15 43.198
21	AEPIR	2	1.232	0.616	0.0	23,AEPIR 1.232
ACOLU	AMELA	44	33.028	0.750636363636	0.0922494372757	15,AMELA 33.028
ACOLU	AARAB	512	396.818	0.77503515625	0.0892541727752	15,AARAB 396.818
ACOLU	AEPIR	2	1.952	0.976	0.0	15,AEPIR 1.952
AQUAD	AMERU	118	88.148	0.747016949153	0.105087613411	14,AMERU 88.148
ACOLU	ACULI	2	1.382	0.691	0.0	15,ACULI 1.382
ACULI	25	6	3.93	0.655	0.0442944691807	16,25 3.93
ASTES	17	2	1.55	0.775	0.0	20,17 1.55
16	AMACU	2	1.324	0.662	0.0	17,AMACU 1.324
AGAMB	AARAB	552	434.576	0.787275362319	0.0912779850369	15,AARAB 434.576
AMACU	ASTEI	6	3.874	0.645666666667	0.0118977121984	22,ASTEI 3.874
14	AGAMB	34	26.538	0.780529411765	0.0737101778008	18,AGAMB 26.538
AEPIR	AARAB	2	1.244	0.622	0.0	25,AARAB 1.244
ASTES	AMINI	2	1.624	0.812	0.0	20,AMINI 1.624
AGAMB	AMELA	32	24.048	0.7515	0.100149887668	15,AMELA 24.048
AGAMB	18	10	7.072	0.7072	0.0588435213086	15,18 7.072
AARAB	AEPIR	6	3.94	0.656666666667	0.0653928300521	14,AEPIR 3.94
AMELA	AMACU	2	1.416	0.708	0.0	18,AMACU 1.416
AMINI	AEPIR	2	1.802	0.901	0.0	16,AEPIR 1.802
ACOLU	AQUAD	72	55.096	0.765222222222	0.0994563307608	15,AQUAD 55.096
ACULI	22	6	4.51	0.751666666667	0.105758635056	16,22 4.51
AQUAD	AGAMB	280	212.92	0.760428571429	0.0893791396929	14,AGAMB 212.92
ACULI	ACOLU	2	1.5	0.75	0.0	16,ACOLU 1.5
AMERU	ACOLU	4	2.846	0.7115	0.0435	19,ACOLU 2.846
AMACU	ACULI	8	5.52	0.69	0.0632060123722	22,ACULI 5.52
ASTEI	ACHRI	2	1.662	0.831	0.0	20,ACHRI 1.662
ACOLU	AMACU	2	1.584	0.792	0.0	15,AMACU 1.584
AFUNE	ACHRI	2	1.564	0.782	0.0	17,ACHRI 1.564
AGAMB	ASTES	2	1.232	0.616	0.0	15,ASTES 1.232
ASTEI	AMINI	2	1.522	0.761	0.0	20,AMINI 1.522
ASTES	AQUAD	2	1.468	0.734	0.0	20,AQUAD 1.468
AMELA	AMERU	2	1.642	0.821	0.0	18,AMERU 1.642
AMACU	ACHRI	2	1.364	0.682	0.0	22,ACHRI 1.364
ASTEI	17	2	1.34	0.67	0.0	20,17 1.34
ASTEI	AQUAD	2	1.532	0.766	0.0	20,AQUAD 1.532
AGAMB	AMERU	22	16.564	0.752909090909	0.0860765563537	15,AMERU 16.564
21	AARAB	30	23.074	0.769133333333	0.0693703747207	23,AARAB 23.074
ACULI	20	2	1.392	0.696	0.0	16,20 1.392
ACOLU	AGAMB	2	1.34	0.67	0.0	15,AGAMB 1.34
22	ASTES	2	1.23	0.615	0.0	24,ASTES 1.23
ACOLU	19	4	2.792	0.698	0.0	15,19 2.792
20	19	6	4.696	0.782666666667	0.0563106463192	22,19 4.696
15	AQUAD	32	23.238	0.7261875	0.0560270233347	21,AQUAD 23.238
AEPIR	AFUNE	2	1.488	0.744	0.0	25,AFUNE 1.488
AGAMB	AEPIR	6	4.0	0.666666666667	0.0417957998953	15,AEPIR 4.0
AQUAD	24	2	1.284	0.642	0.0	14,24 1.284
19	AQUAD	8	5.114	0.63925	0.0250536923426	21,AQUAD 5.114
AMELA	ACHRI	2	1.468	0.734	0.0	18,ACHRI 1.468
22	AMERU	2	1.32	0.66	0.0	24,AMERU 1.32
AQUAD	15	572	479.042	0.837486013986	0.109186301365	14,15 479.042
AMELA	AGAMB	46	35.24	0.766086956522	0.0863163610082	18,AGAMB 35.24
AFUNE	AMACU	2	1.408	0.704	0.0	17,AMACU 1.408
ASTEI	25	2	1.398	0.699	0.0	20,25 1.398
21	14	34	24.732	0.727411764706	0.0643300851981	23,14 24.732
16	25	2	1.248	0.624	0.0	17,25 1.248
AMERU	AQUAD	46	31.18	0.677826086957	0.0626395153612	19,AQUAD 31.18
AQUAD	ACOLU	180	138.078	0.7671	0.0943425260539	14,ACOLU 138.078
ACOLU	14	70	53.53	0.764714285714	0.0820183155255	15,14 53.53
ACULI	ASTES	2	1.24	0.62	0.0	16,ASTES 1.24
AMINI	25	2	1.23	0.615	0.0	16,25 1.23
14	15	140	110.822	0.791585714286	0.0964915233667	18,15 110.822
AARAB	15	2124	1819.444	0.856612052731	0.111592648399	14,15 1819.444
AFUNE	20	4	2.536	0.634	0.025	17,20 2.536
AMACU	ACOLU	2	1.328	0.664	0.0	22,ACOLU 1.328
ACHRI	22	4	2.642	0.6605	0.0285	23,22 2.642
ACHRI	14	2	1.292	0.646	0.0	23,14 1.292
AMELA	ACOLU	52	38.43	0.739038461538	0.0896984181188	18,ACOLU 38.43
AMINI	AFUNE	4	3.252	0.813	0.085	16,AFUNE 3.252
AMERU	AMACU	2	1.224	0.612	0.0	19,AMACU 1.224
ACOLU	ASTEI	2	1.29	0.645	0.0	15,ASTEI 1.29
21	AMACU	2	1.262	0.631	0.0	23,AMACU 1.262
AMINI	ASTEI	2	1.574	0.787	0.0	16,ASTEI 1.574
AARAB	AGAMB	534	414.638	0.776475655431	0.095807011694	14,AGAMB 414.638
AGAMB	AQUAD	128	93.768	0.7325625	0.0932995637383	15,AQUAD 93.768
AMERU	AARAB	2	1.286	0.643	0.0	19,AARAB 1.286
AMERU	24	2	1.246	0.623	0.0	19,24 1.246
ASTEI	14	2	1.376	0.688	0.0	20,14 1.376
AQUAD	AEPIR	2	1.382	0.691	0.0	14,AEPIR 1.382
21	24	8	5.366	0.67075	0.029894606537	23,24 5.366
ACOLU	AMERU	22	15.786	0.717545454545	0.0823665462059	15,AMERU 15.786
AMERU	AGAMB	12	7.712	0.642666666667	0.0319513519102	19,AGAMB 7.712
15	AARAB	100	72.864	0.72864	0.0881393805288	21,AARAB 72.864
ACOLU	22	2	1.35	0.675	0.0	15,22 1.35
ASTEI	AMACU	8	7.346	0.91825	0.0424109360896	20,AMACU 7.346
AFUNE	AARAB	4	2.858	0.7145	0.0395	17,AARAB 2.858
19	AARAB	2	1.244	0.622	0.0	21,AARAB 1.244
ACHRI	AMACU	8	5.904	0.738	0.103198837203	23,AMACU 5.904
15	AMELA	2	1.722	0.861	0.0	21,AMELA 1.722
ASTES	AMACU	2	1.976	0.988	0.0	20,AMACU 1.976
AFUNE	16	2	1.59	0.795	0.0	17,16 1.59
AQUAD	AMELA	4	2.87	0.7175	0.0795	14,AMELA 2.87
AEPIR	ASTEI	2	1.378	0.689	0.0	25,ASTEI 1.378
14	ACOLU	24	17.784	0.741	0.0936892025084	18,ACOLU 17.784
AMACU	16	4	3.224	0.806	0.053	22,16 3.224
AGAMB	ACHRI	2	1.29	0.645	0.0	15,ACHRI 1.29
AFUNE	ASTEI	2	1.628	0.814	0.0	17,ASTEI 1.628
AGAMB	19	2	1.396	0.698	0.0	15,19 1.396
AGAMB	ASTEI	2	1.216	0.608	0.0	15,ASTEI 1.216
AQUAD	ACHRI	4	2.668	0.667	0.031	14,ACHRI 2.668
AFUNE	25	2	1.206	0.603	0.0	17,25 1.206
AMELA	24	4	2.656	0.664	0.038	18,24 2.656
ACOLU	18	10	7.28	0.728	0.0801822923095	15,18 7.28
15	18	2	1.31	0.655	0.0	21,18 1.31
AMINI	20	4	2.74	0.685	0.017	16,20 2.74
ACHRI	17	2	1.612	0.806	0.0	23,17 1.612
AARAB	ACOLU	648	497.932	0.768413580247	0.0964982661561	14,ACOLU 497.932
AEPIR	AMINI	2	1.246	0.623	0.0	25,AMINI 1.246
AGAMB	24	4	2.746	0.6865	0.0005	15,24 2.746
