#donor	receptor	nb	sum	mean	std	older,younger	score
15	14	4	3.156	0.789	0.025	21,14 3.156
AGAMB	14	30	24.986	0.832866666667	0.0385640016365	15,14 24.986
ACULI	AMACU	2	1.754	0.877	0.0	16,AMACU 1.754
ACULI	AMELA	2	1.662	0.831	0.0	16,AMELA 1.662
ACULI	AARAB	2	1.538	0.769	0.0	16,AARAB 1.538
21	AMELA	2	1.624	0.812	0.0	23,AMELA 1.624
ASTEI	AEPIR	2	1.632	0.816	0.0	20,AEPIR 1.632
AARAB	AMERU	20	17.77	0.8885	0.0614007328946	14,AMERU 17.77
21	AQUAD	38	30.886	0.812789473684	0.0351307017434	23,AQUAD 30.886
ACHRI	ASTEI	2	1.554	0.777	0.0	23,ASTEI 1.554
ACHRI	24	86	66.81	0.776860465116	0.0312421758729	23,24 66.81
AFUNE	AEPIR	2	1.552	0.776	0.0	17,AEPIR 1.552
AMELA	15	16	13.668	0.85425	0.0347877492805	18,15 13.668
ACOLU	AMELA	24	19.742	0.822583333333	0.0542101748342	15,AMELA 19.742
ACOLU	AARAB	322	268.26	0.833105590062	0.0499877752117	15,AARAB 268.26
ACOLU	AEPIR	2	1.952	0.976	0.0	15,AEPIR 1.952
AQUAD	AMERU	50	42.696	0.85392	0.0623454376839	14,AMERU 42.696
ASTES	17	2	1.55	0.775	0.0	20,17 1.55
AGAMB	AARAB	364	307.09	0.843653846154	0.0486268134952	15,AARAB 307.09
14	AGAMB	24	19.712	0.821333333333	0.0359080616142	18,AGAMB 19.712
ASTES	AMINI	2	1.624	0.812	0.0	20,AMINI 1.624
AGAMB	AMELA	18	14.962	0.831222222222	0.0514452843704	15,AMELA 14.962
AGAMB	18	4	3.064	0.766	0.005	15,18 3.064
AMINI	AEPIR	2	1.802	0.901	0.0	16,AEPIR 1.802
ACOLU	AQUAD	44	36.826	0.836954545455	0.0419474533551	15,AQUAD 36.826
ACULI	22	2	1.79	0.895	0.0	16,22 1.79
AQUAD	AGAMB	146	121.766	0.83401369863	0.0483527260216	14,AGAMB 121.766
ACULI	ACOLU	2	1.5	0.75	0.0	16,ACOLU 1.5
AMERU	ACOLU	2	1.51	0.755	0.0	19,ACOLU 1.51
AMACU	ACULI	2	1.582	0.791	0.0	22,ACULI 1.582
ASTEI	ACHRI	2	1.662	0.831	0.0	20,ACHRI 1.662
ACOLU	AMACU	2	1.584	0.792	0.0	15,AMACU 1.584
AFUNE	ACHRI	2	1.564	0.782	0.0	17,ACHRI 1.564
ASTEI	AMINI	2	1.522	0.761	0.0	20,AMINI 1.522
AMELA	AMERU	2	1.642	0.821	0.0	18,AMERU 1.642
ASTEI	AQUAD	2	1.532	0.766	0.0	20,AQUAD 1.532
AGAMB	AMERU	12	9.828	0.819	0.05316013544	15,AMERU 9.828
21	AARAB	18	14.686	0.815888888889	0.0358095097377	23,AARAB 14.686
20	19	4	3.282	0.8205	0.0215	22,19 3.282
15	AQUAD	14	10.946	0.781857142857	0.017365224456	21,AQUAD 10.946
AQUAD	15	430	382.748	0.890111627907	0.0651298995722	14,15 382.748
AMELA	AGAMB	20	16.986	0.8493	0.053550070028	18,AGAMB 16.986
21	14	10	8.13	0.813	0.0112249721603	23,14 8.13
AMERU	AQUAD	6	4.872	0.812	0.0306267856622	19,AQUAD 4.872
AQUAD	ACOLU	94	79.726	0.84814893617	0.0406887399989	14,ACOLU 79.726
ACOLU	14	42	34.55	0.822619047619	0.042990005694	15,14 34.55
14	15	98	82.858	0.845489795918	0.0535327946212	18,15 82.858
AARAB	15	1692	1527.996	0.903070921986	0.0671596994493	14,15 1527.996
AMELA	ACOLU	24	19.782	0.82425	0.0487512820344	18,ACOLU 19.782
AMINI	AFUNE	2	1.796	0.898	0.0	16,AFUNE 1.796
AMINI	ASTEI	2	1.574	0.787	0.0	16,ASTEI 1.574
AARAB	AGAMB	316	266.928	0.844708860759	0.0520666933307	14,AGAMB 266.928
AGAMB	AQUAD	56	46.19	0.824821428571	0.0468760169958	15,AQUAD 46.19
ACOLU	AMERU	8	6.498	0.81225	0.033714796455	15,AMERU 6.498
15	AARAB	40	32.866	0.82165	0.0465470460932	21,AARAB 32.866
ASTEI	AMACU	8	7.346	0.91825	0.0424109360896	20,AMACU 7.346
AFUNE	AARAB	2	1.508	0.754	0.0	17,AARAB 1.508
ACHRI	AMACU	4	3.34	0.835	0.031	23,AMACU 3.34
15	AMELA	2	1.722	0.861	0.0	21,AMELA 1.722
ASTES	AMACU	2	1.976	0.988	0.0	20,AMACU 1.976
AFUNE	16	2	1.59	0.795	0.0	17,16 1.59
AQUAD	AMELA	2	1.594	0.797	0.0	14,AMELA 1.594
14	ACOLU	12	9.936	0.828	0.0438482230731	18,ACOLU 9.936
AMACU	16	4	3.224	0.806	0.053	22,16 3.224
AFUNE	ASTEI	2	1.628	0.814	0.0	17,ASTEI 1.628
ACOLU	18	4	3.268	0.817	0.017	15,18 3.268
ACHRI	17	2	1.612	0.806	0.0	23,17 1.612
AARAB	ACOLU	366	308.432	0.842710382514	0.0487204387196	14,ACOLU 308.432
