#donor	receptor	nb	sum	mean	std	older,younger	score
15	14	8	6.012	0.7515	0.0450693909433	21,14 6.012
AGAMB	14	52	40.318	0.775346153846	0.0749892004059	15,14 40.318
AMINI	AMACU	2	1.416	0.708	0.0	16,AMACU 1.416
ACULI	AMACU	2	1.754	0.877	0.0	16,AMACU 1.754
AARAB	AFUNE	2	1.35	0.675	0.0	14,AFUNE 1.35
AARAB	ASTES	2	1.32	0.66	0.0	14,ASTES 1.32
ACULI	AMELA	2	1.662	0.831	0.0	16,AMELA 1.662
ACULI	AARAB	2	1.538	0.769	0.0	16,AARAB 1.538
AMELA	AEPIR	2	1.374	0.687	0.0	18,AEPIR 1.374
21	AMELA	12	8.574	0.7145	0.0548049571967	23,AMELA 8.574
ASTEI	AEPIR	4	2.94	0.735	0.081	20,AEPIR 2.94
AARAB	AMERU	28	23.314	0.832642857143	0.103386657845	14,AMERU 23.314
21	AQUAD	60	46.016	0.766933333333	0.0696840169782	23,AQUAD 46.016
ACHRI	ASTEI	2	1.554	0.777	0.0	23,ASTEI 1.554
18	AGAMB	4	2.628	0.657	0.006	19,AGAMB 2.628
ACHRI	24	180	133.042	0.739122222222	0.0482605953313	23,24 133.042
AFUNE	AEPIR	4	2.88	0.72	0.056	17,AEPIR 2.88
AMELA	15	44	33.166	0.753772727273	0.0808134393741	18,15 33.166
ACOLU	AMELA	36	28.04	0.778888888889	0.0771520064468	15,AMELA 28.04
ACOLU	AARAB	450	357.93	0.7954	0.0749121559636	15,AARAB 357.93
ACOLU	AEPIR	2	1.952	0.976	0.0	15,AEPIR 1.952
AQUAD	AMERU	86	67.932	0.789906976744	0.0912099071408	14,AMERU 67.932
ACOLU	ACULI	2	1.382	0.691	0.0	15,ACULI 1.382
ACULI	25	2	1.424	0.712	0.0	16,25 1.424
ASTES	17	2	1.55	0.775	0.0	20,17 1.55
16	AMACU	2	1.324	0.662	0.0	17,AMACU 1.324
AGAMB	AARAB	496	399.492	0.805427419355	0.0774833148935	15,AARAB 399.492
AMACU	ASTEI	4	2.616	0.654	0.002	22,ASTEI 2.616
14	AGAMB	30	24.01	0.800333333333	0.0531396483073	18,AGAMB 24.01
ASTES	AMINI	2	1.624	0.812	0.0	20,AMINI 1.624
AGAMB	AMELA	24	19.018	0.792416666667	0.0813372181449	15,AMELA 19.018
AGAMB	18	8	5.856	0.732	0.0353977400409	15,18 5.856
AARAB	AEPIR	2	1.498	0.749	0.0	14,AEPIR 1.498
AMELA	AMACU	2	1.416	0.708	0.0	18,AMACU 1.416
AMINI	AEPIR	2	1.802	0.901	0.0	16,AEPIR 1.802
ACOLU	AQUAD	56	45.176	0.806714285714	0.0700208423782	15,AQUAD 45.176
ACULI	22	4	3.224	0.806	0.089	16,22 3.224
AQUAD	AGAMB	240	187.796	0.782483333333	0.0766899584184	14,AGAMB 187.796
ACULI	ACOLU	2	1.5	0.75	0.0	16,ACOLU 1.5
AMERU	ACOLU	4	2.846	0.7115	0.0435	19,ACOLU 2.846
AMACU	ACULI	6	4.282	0.713666666667	0.0555537777493	22,ACULI 4.282
ASTEI	ACHRI	2	1.662	0.831	0.0	20,ACHRI 1.662
ACOLU	AMACU	2	1.584	0.792	0.0	15,AMACU 1.584
AFUNE	ACHRI	2	1.564	0.782	0.0	17,ACHRI 1.564
ASTEI	AMINI	2	1.522	0.761	0.0	20,AMINI 1.522
ASTES	AQUAD	2	1.468	0.734	0.0	20,AQUAD 1.468
AMELA	AMERU	2	1.642	0.821	0.0	18,AMERU 1.642
AMACU	ACHRI	2	1.364	0.682	0.0	22,ACHRI 1.364
ASTEI	17	2	1.34	0.67	0.0	20,17 1.34
ASTEI	AQUAD	2	1.532	0.766	0.0	20,AQUAD 1.532
AGAMB	AMERU	20	15.348	0.7674	0.0764214629538	15,AMERU 15.348
21	AARAB	28	21.834	0.779785714286	0.0587697426663	23,AARAB 21.834
ACULI	20	2	1.392	0.696	0.0	16,20 1.392
ACOLU	AGAMB	2	1.34	0.67	0.0	15,AGAMB 1.34
ACOLU	19	4	2.792	0.698	0.0	15,19 2.792
20	19	6	4.696	0.782666666667	0.0563106463192	22,19 4.696
15	AQUAD	28	20.68	0.738571428571	0.0485235057703	21,AQUAD 20.68
AEPIR	AFUNE	2	1.488	0.744	0.0	25,AFUNE 1.488
AGAMB	AEPIR	4	2.754	0.6885	0.0345	15,AEPIR 2.754
19	AQUAD	4	2.65	0.6625	0.0055	21,AQUAD 2.65
AMELA	ACHRI	2	1.468	0.734	0.0	18,ACHRI 1.468
22	AMERU	2	1.32	0.66	0.0	24,AMERU 1.32
AQUAD	15	540	459.072	0.850133333333	0.0987858739339	14,15 459.072
AMELA	AGAMB	42	32.74	0.779523809524	0.0776460951998	18,AGAMB 32.74
AFUNE	AMACU	2	1.408	0.704	0.0	17,AMACU 1.408
ASTEI	25	2	1.398	0.699	0.0	20,25 1.398
21	14	32	23.532	0.735375	0.0576106272748	23,14 23.532
AMERU	AQUAD	24	17.294	0.720583333333	0.0587884035239	19,AQUAD 17.294
AQUAD	ACOLU	160	125.71	0.7856875	0.0829815632761	14,ACOLU 125.71
ACOLU	14	62	48.46	0.781612903226	0.0713549407921	15,14 48.46
14	15	126	102.198	0.811095238095	0.0807863563614	18,15 102.198
AARAB	15	1972	1724.372	0.874427991886	0.0946532766809	14,15 1724.372
AFUNE	20	2	1.318	0.659	0.0	17,20 1.318
AMACU	ACOLU	2	1.328	0.664	0.0	22,ACOLU 1.328
ACHRI	22	2	1.378	0.689	0.0	23,22 1.378
AMELA	ACOLU	42	32.184	0.766285714286	0.077700979253	18,ACOLU 32.184
AMINI	AFUNE	4	3.252	0.813	0.085	16,AFUNE 3.252
AMINI	ASTEI	2	1.574	0.787	0.0	16,ASTEI 1.574
AARAB	AGAMB	462	369.82	0.800476190476	0.0794237803117	14,AGAMB 369.82
AGAMB	AQUAD	90	70.074	0.7786	0.0719114888055	15,AQUAD 70.074
ASTEI	14	2	1.376	0.688	0.0	20,14 1.376
AQUAD	AEPIR	2	1.382	0.691	0.0	14,AEPIR 1.382
21	24	6	4.108	0.684666666667	0.0204178571082	23,24 4.108
ACOLU	AMERU	16	12.076	0.75475	0.0649456503547	15,AMERU 12.076
AMERU	AGAMB	4	2.712	0.678	0.025	19,AGAMB 2.712
15	AARAB	76	57.902	0.761868421053	0.074559115032	21,AARAB 57.902
ACOLU	22	2	1.35	0.675	0.0	15,22 1.35
ASTEI	AMACU	8	7.346	0.91825	0.0424109360896	20,AMACU 7.346
AFUNE	AARAB	4	2.858	0.7145	0.0395	17,AARAB 2.858
ACHRI	AMACU	6	4.7	0.783333333333	0.0773275859933	23,AMACU 4.7
15	AMELA	2	1.722	0.861	0.0	21,AMELA 1.722
ASTES	AMACU	2	1.976	0.988	0.0	20,AMACU 1.976
AFUNE	16	2	1.59	0.795	0.0	17,16 1.59
AQUAD	AMELA	2	1.594	0.797	0.0	14,AMELA 1.594
AEPIR	ASTEI	2	1.378	0.689	0.0	25,ASTEI 1.378
14	ACOLU	18	13.976	0.776444444444	0.0816661375644	18,ACOLU 13.976
AMACU	16	4	3.224	0.806	0.053	22,16 3.224
AFUNE	ASTEI	2	1.628	0.814	0.0	17,ASTEI 1.628
AGAMB	19	2	1.396	0.698	0.0	15,19 1.396
AQUAD	ACHRI	2	1.396	0.698	0.0	14,ACHRI 1.396
AMELA	24	2	1.404	0.702	0.0	18,24 1.404
ACOLU	18	6	4.722	0.787	0.044639295096	15,18 4.722
15	18	2	1.31	0.655	0.0	21,18 1.31
AMINI	20	4	2.74	0.685	0.017	16,20 2.74
ACHRI	17	2	1.612	0.806	0.0	23,17 1.612
AARAB	ACOLU	548	435.42	0.794562043796	0.080849311154	14,ACOLU 435.42
AGAMB	24	4	2.746	0.6865	0.0005	15,24 2.746
