#older	younger	score
21,14 48.264
15,14 85.07
25,15 0.666
24,21 0.626
21,24 0.85
22,18 0.632
17,22 2.62
23,17 1.474
14,24 14.736
16,19 0.674
17,14 3.228
23,24 553.626
18,15 87.196
15,22 2.39
15,24 2.89
22,25 2.14
16,14 0.914
26,21 0.656
16,14 3.22
17,20 0.876
16,25 6.994
20,17 3.754
19,22 0.66
22,17 4.406
18,17 1.546
15,18 19.634
16,22 9.152
15,17 0.6
21,19 0.628
17,23 0.716
20,25 0.642
24,16 0.886
19,17 1.154
17,23 2.216
20,17 1.996
21,24 0.88
22,21 1.8
25,20 1.098
16,20 3.958
15,19 9.66
23,18 0.63
22,19 5.432
25,18 14.466
23,16 1.412
14,24 23.996
14,15 629.458
20,25 1.398
23,14 45.346
25,14 4.22
17,25 2.314
18,20 0.63
15,14 87.832
16,25 2.474
18,15 188.88
14,15 2228.178
22,21 0.762
19,15 0.718
17,20 2.536
23,22 4.368
23,14 2.808
16,19 1.856
26,24 1.262
16,22 2.522
19,24 12.076
20,14 3.73
23,24 18.734
18,22 0.972
17,18 0.72
15,22 1.35
15,16 0.908
16,15 0.688
25,24 25.906
17,22 1.312
24,17 0.69
14,20 1.426
17,16 1.59
22,16 4.296
21,22 0.64
15,19 6.04
20,16 0.662
26,25 26.16
19,15 1.942
25,23 0.634
17,25 8.166
18,24 29.388
16,21 0.718
14,16 1.046
15,18 16.882
21,18 1.31
16,20 4.114
25,19 10.2
23,17 3.294
22,25 23.034
15,24 6.004
