#donor	receptor	nb	sum	mean	std	older,younger	score
15	14	106	48.264	0.455320754717	0.123892493504	21,14 48.264
AGAMB	14	150	85.07	0.567133333333	0.179941200273	15,14 85.07
AEPIR	AMACU	6	2.21	0.368333333333	0.0391606378339	25,AMACU 2.21
AGAMB	AMINI	6	2.816	0.469333333333	0.0370435179515	15,AMINI 2.816
23	AQUAD	2	0.756	0.378	0.0	25,AQUAD 0.756
20	AGAMB	2	0.924	0.462	0.0	22,AGAMB 0.924
AEPIR	15	2	0.666	0.333	0.0	25,15 0.666
AMINI	AMACU	8	3.59	0.44875	0.153903175731	16,AMACU 3.59
22	21	2	0.626	0.313	0.0	24,21 0.626
15	24	2	0.85	0.425	0.0	21,24 0.85
AMACU	18	2	0.632	0.316	0.0	22,18 0.632
ACULI	AMACU	48	21.152	0.440666666667	0.128115074141	16,AMACU 21.152
16	22	6	2.62	0.436666666667	0.114485321718	17,22 2.62
21	17	4	1.474	0.3685	0.0385	23,17 1.474
AARAB	AFUNE	8	4.352	0.544	0.10952168735	14,AFUNE 4.352
AARAB	AMINI	6	2.13	0.355	0.0261661358757	14,AMINI 2.13
AARAB	ASTES	4	1.942	0.4855	0.1745	14,ASTES 1.942
AQUAD	AMINI	2	0.798	0.399	0.0	14,AMINI 0.798
ACULI	AMELA	6	3.718	0.619666666667	0.150610609041	16,AMELA 3.718
AARAB	24	38	14.736	0.387789473684	0.0727501701552	14,24 14.736
ASTEI	AFUNE	6	3.046	0.507666666667	0.0778088826692	20,AFUNE 3.046
AMERU	ACULI	6	2.288	0.381333333333	0.0945879954798	19,ACULI 2.288
AMINI	ACHRI	2	0.776	0.388	0.0	16,ACHRI 0.776
AMERU	AMELA	18	7.68	0.426666666667	0.105775443485	19,AMELA 7.68
ACULI	AARAB	2	1.538	0.769	0.0	16,AARAB 1.538
AMELA	AEPIR	42	15.536	0.369904761905	0.0902667500678	18,AEPIR 15.536
21	AMELA	124	60.488	0.487806451613	0.115333155392	23,AMELA 60.488
20	AMINI	2	1.02	0.51	0.0	22,AMINI 1.02
ASTEI	AEPIR	12	6.198	0.5165	0.193627434351	20,AEPIR 6.198
20	ACULI	2	0.61	0.305	0.0	22,ACULI 0.61
AMINI	19	2	0.674	0.337	0.0	16,19 0.674
AARAB	AMERU	114	59.286	0.520052631579	0.202221298014	14,AMERU 59.286
21	AQUAD	176	98.84	0.561590909091	0.172185922002	23,AQUAD 98.84
AFUNE	14	8	3.228	0.4035	0.0173997126413	17,14 3.228
ACHRI	ASTEI	14	7.806	0.557571428571	0.101570323482	23,ASTEI 7.806
18	AGAMB	32	14.084	0.440125	0.10794898969	19,AGAMB 14.084
ACHRI	24	1166	553.626	0.474807890223	0.141595614882	23,24 553.626
AGAMB	AFUNE	2	0.942	0.471	0.0	15,AFUNE 0.942
17	ACULI	4	1.4	0.35	0.034	24,ACULI 1.4
AMINI	AMELA	2	0.79	0.395	0.0	16,AMELA 0.79
AARAB	ACULI	2	0.992	0.496	0.0	14,ACULI 0.992
AFUNE	AEPIR	16	8.106	0.506625	0.146789762501	17,AEPIR 8.106
AMELA	15	160	87.196	0.544975	0.160149381438	18,15 87.196
AQUAD	AFUNE	8	2.948	0.3685	0.0344419801986	14,AFUNE 2.948
21	AEPIR	6	2.816	0.469333333333	0.118811709112	23,AEPIR 2.816
20	AMELA	2	0.824	0.412	0.0	22,AMELA 0.824
AMERU	ASTES	2	0.718	0.359	0.0	19,ASTES 0.718
AGAMB	22	6	2.39	0.398333333333	0.0973664327282	15,22 2.39
AMERU	ACHRI	2	0.818	0.409	0.0	19,ACHRI 0.818
ACOLU	AMELA	136	73.284	0.538852941176	0.17246289155	15,AMELA 73.284
AQUAD	ACULI	2	0.708	0.354	0.0	14,ACULI 0.708
ACOLU	24	8	2.89	0.36125	0.0325221078653	15,24 2.89
AMACU	25	6	2.14	0.356666666667	0.0314783876475	22,25 2.14
AFUNE	AQUAD	8	3.344	0.418	0.0606341487942	17,AQUAD 3.344
ACOLU	AARAB	1050	625.664	0.59587047619	0.194557780339	15,AARAB 625.664
ACOLU	AMINI	2	1.05	0.525	0.0	15,AMINI 1.05
ACOLU	AFUNE	2	0.876	0.438	0.0	15,AFUNE 0.876
AMINI	14	2	0.914	0.457	0.0	16,14 0.914
ACOLU	AEPIR	10	4.636	0.4636	0.256426675679	15,AEPIR 4.636
AQUAD	AMERU	374	195.998	0.524058823529	0.177434455066	14,AMERU 195.998
24	21	2	0.656	0.328	0.0	26,21 0.656
ACULI	14	6	3.22	0.536666666667	0.0157550697308	16,14 3.22
16	20	2	0.876	0.438	0.0	17,20 0.876
AMELA	AQUAD	4	1.252	0.313	0.011	18,AQUAD 1.252
ACOLU	ACULI	8	3.81	0.47625	0.159827054969	15,ACULI 3.81
ACULI	25	14	6.994	0.499571428571	0.138674188702	16,25 6.994
ASTES	17	8	3.754	0.46925	0.181609987335	20,17 3.754
15	ACHRI	2	0.626	0.313	0.0	21,ACHRI 0.626
AMINI	ASTES	16	6.364	0.39775	0.097022871015	16,ASTES 6.364
16	AMACU	4	2.454	0.6135	0.0485	17,AMACU 2.454
AGAMB	AARAB	1012	635.338	0.627804347826	0.196357752224	15,AARAB 635.338
AMELA	ACULI	10	3.596	0.3596	0.0507566744379	18,ACULI 3.596
AARAB	ACHRI	12	4.49	0.374166666667	0.0337610064358	14,ACHRI 4.49
AMACU	ASTEI	20	9.744	0.4872	0.128597667164	22,ASTEI 9.744
AFUNE	AMINI	8	3.398	0.42475	0.0747809300557	17,AMINI 3.398
AMELA	ASTEI	2	0.642	0.321	0.0	18,ASTEI 0.642
AMERU	22	2	0.66	0.33	0.0	19,22 0.66
14	AGAMB	126	64.94	0.515396825397	0.181823788731	18,AGAMB 64.94
AMACU	17	12	4.406	0.367166666667	0.0581360951179	22,17 4.406
AMELA	17	4	1.546	0.3865	0.0125	18,17 1.546
AMINI	AMERU	2	0.948	0.474	0.0	16,AMERU 0.948
ASTES	ACHRI	2	0.714	0.357	0.0	20,ACHRI 0.714
AEPIR	AARAB	8	3.898	0.48725	0.108423648251	25,AARAB 3.898
24	AEPIR	42	14.218	0.338523809524	0.0245097046817	26,AEPIR 14.218
ASTES	AMINI	4	2.344	0.586	0.226	20,AMINI 2.344
23	ASTES	2	0.6	0.3	0.0	25,ASTES 0.6
AGAMB	AMELA	86	46.466	0.540302325581	0.184991330392	15,AMELA 46.466
21	ACULI	8	3.372	0.4215	0.111387835961	23,ACULI 3.372
AGAMB	18	38	19.634	0.516684210526	0.139790087982	15,18 19.634
ACHRI	AQUAD	2	1.114	0.557	0.0	23,AQUAD 1.114
AARAB	AEPIR	30	12.81	0.427	0.126407278271	14,AEPIR 12.81
AMELA	AMACU	4	2.046	0.5115	0.1965	18,AMACU 2.046
ACULI	AEPIR	10	3.458	0.3458	0.0636	16,AEPIR 3.458
AFUNE	AGAMB	2	0.6	0.3	0.0	17,AGAMB 0.6
AMINI	AEPIR	4	2.412	0.603	0.298	16,AEPIR 2.412
ACOLU	AQUAD	216	114.788	0.531425925926	0.189479511435	15,AQUAD 114.788
17	ASTES	2	0.644	0.322	0.0	24,ASTES 0.644
ACULI	22	18	9.152	0.508444444444	0.191164333674	16,22 9.152
ACOLU	17	2	0.6	0.3	0.0	15,17 0.6
15	19	2	0.628	0.314	0.0	21,19 0.628
AQUAD	AGAMB	682	385.27	0.56491202346	0.186984225978	14,AGAMB 385.27
ACULI	ACOLU	4	2.562	0.6405	0.1095	16,ACOLU 2.562
17	AMACU	12	4.396	0.366333333333	0.0528099317258	24,AMACU 4.396
AFUNE	23	2	0.716	0.358	0.0	17,23 0.716
20	AEPIR	2	0.72	0.36	0.0	22,AEPIR 0.72
AMERU	ACOLU	70	30.342	0.433457142857	0.108688898857	19,ACOLU 30.342
AGAMB	ACULI	8	4.184	0.523	0.0425734659148	15,ACULI 4.184
AMACU	ACULI	64	27.522	0.43003125	0.126795229695	22,ACULI 27.522
19	AGAMB	2	0.63	0.315	0.0	21,AGAMB 0.63
AMERU	ASTEI	2	1.078	0.539	0.0	19,ASTEI 1.078
AMERU	AEPIR	2	0.674	0.337	0.0	19,AEPIR 0.674
AEPIR	ASTES	2	0.672	0.336	0.0	25,ASTES 0.672
21	ASTEI	4	1.51	0.3775	0.0615	23,ASTEI 1.51
ASTES	25	2	0.642	0.321	0.0	20,25 0.642
22	16	2	0.886	0.443	0.0	24,16 0.886
16	ASTES	2	0.728	0.364	0.0	17,ASTES 0.728
ASTEI	ACHRI	8	4.208	0.526	0.183811044282	20,ACHRI 4.208
ACOLU	AMACU	8	3.83	0.47875	0.192581638533	15,AMACU 3.83
AFUNE	ACHRI	4	2.176	0.544	0.238	17,ACHRI 2.176
AMERU	17	2	1.154	0.577	0.0	19,17 1.154
AGAMB	ASTES	8	3.338	0.41725	0.117614571801	15,ASTES 3.338
20	AMACU	2	0.6	0.3	0.0	22,AMACU 0.6
AEPIR	AMERU	4	1.848	0.462	0.019	25,AMERU 1.848
ASTES	ACULI	6	1.876	0.312666666667	0.0117284080572	20,ACULI 1.876
AARAB	AMELA	22	8.852	0.402363636364	0.084766280525	14,AMELA 8.852
ASTEI	AMINI	6	2.828	0.471333333333	0.205215875496	20,AMINI 2.828
AMACU	AFUNE	6	2.378	0.396333333333	0.00939266853574	22,AFUNE 2.378
16	23	4	2.216	0.554	0.035	17,23 2.216
ASTES	AQUAD	2	1.468	0.734	0.0	20,AQUAD 1.468
AMELA	AMERU	14	6.152	0.439428571429	0.166651781648	18,AMERU 6.152
19	ACULI	2	0.618	0.309	0.0	21,ACULI 0.618
22	ACULI	4	1.556	0.389	0.016	24,ACULI 1.556
AMACU	ACHRI	10	4.632	0.4632	0.116155757498	22,ACHRI 4.632
ASTEI	17	4	1.996	0.499	0.171	20,17 1.996
ASTEI	AQUAD	4	2.266	0.5665	0.1995	20,AQUAD 2.266
AMACU	AGAMB	6	2.844	0.474	0.0835503840007	22,AGAMB 2.844
19	24	2	0.88	0.44	0.0	21,24 0.88
AMACU	21	4	1.8	0.45	0.036	22,21 1.8
AGAMB	AMERU	58	30.114	0.519206896552	0.192744672865	15,AMERU 30.114
14	AEPIR	10	4.214	0.4214	0.0726707644105	18,AEPIR 4.214
AEPIR	20	2	1.098	0.549	0.0	25,20 1.098
ACHRI	ACULI	10	4.078	0.4078	0.070881309243	23,ACULI 4.078
21	AARAB	120	63.714	0.53095	0.163315688673	23,AARAB 63.714
ACULI	20	10	3.958	0.3958	0.150493056318	16,20 3.958
ACOLU	AGAMB	6	2.808	0.468	0.143292242172	15,AGAMB 2.808
22	ASTES	2	1.23	0.615	0.0	24,ASTES 1.23
18	ACOLU	16	6.342	0.396375	0.0788763866756	19,ACOLU 6.342
ACOLU	19	20	9.66	0.483	0.127110975136	15,19 9.66
21	18	2	0.63	0.315	0.0	23,18 0.63
ACULI	ASTEI	10	3.17	0.317	0.0116447413024	16,ASTEI 3.17
20	19	8	5.432	0.679	0.18606047404	22,19 5.432
AEPIR	18	38	14.466	0.380684210526	0.0584249880135	25,18 14.466
ACHRI	16	4	1.412	0.353	0.006	23,16 1.412
15	AQUAD	138	66.678	0.483173913043	0.154652762667	21,AQUAD 66.678
14	AFUNE	2	0.654	0.327	0.0	18,AFUNE 0.654
AEPIR	AFUNE	6	2.788	0.464666666667	0.198409229176	25,AFUNE 2.788
AMACU	AEPIR	4	1.848	0.462	0.038	22,AEPIR 1.848
AGAMB	AEPIR	18	8.468	0.470444444444	0.14738619799	15,AEPIR 8.468
AQUAD	24	62	23.996	0.387032258065	0.0686085125307	14,24 23.996
19	AQUAD	42	19.848	0.472571428571	0.102626262038	21,AQUAD 19.848
ACULI	AQUAD	2	0.732	0.366	0.0	16,AQUAD 0.732
AMACU	AMINI	8	3.102	0.38775	0.0953713138213	22,AMINI 3.102
AMELA	ACHRI	12	5.486	0.457166666667	0.155906399983	18,ACHRI 5.486
22	AMERU	2	1.32	0.66	0.0	24,AMERU 1.32
AMELA	AFUNE	2	0.974	0.487	0.0	18,AFUNE 0.974
AQUAD	AMACU	2	0.624	0.312	0.0	14,AMACU 0.624
AEPIR	AQUAD	10	4.046	0.4046	0.0888045043903	25,AQUAD 4.046
ASTEI	ACOLU	2	1.018	0.509	0.0	20,ACOLU 1.018
AQUAD	15	930	629.458	0.67683655914	0.227052376973	14,15 629.458
AMELA	AGAMB	134	72.692	0.54247761194	0.183977558512	18,AGAMB 72.692
AMINI	ACULI	6	1.988	0.331333333333	0.0263860232362	16,ACULI 1.988
ASTEI	ASTES	2	0.788	0.394	0.0	20,ASTES 0.788
AFUNE	AMACU	18	7.276	0.404222222222	0.117798111452	17,AMACU 7.276
17	ASTEI	2	0.94	0.47	0.0	24,ASTEI 0.94
ASTEI	25	2	1.398	0.699	0.0	20,25 1.398
21	14	78	45.346	0.581358974359	0.14984427595	23,14 45.346
AMACU	ASTES	2	1.092	0.546	0.0	22,ASTES 1.092
AEPIR	14	10	4.22	0.422	0.0878157161333	25,14 4.22
16	25	4	2.314	0.5785	0.0455	17,25 2.314
AMERU	AQUAD	338	156.28	0.462366863905	0.118522393321	19,AQUAD 156.28
AMELA	20	2	0.63	0.315	0.0	18,20 0.63
AQUAD	ASTEI	4	1.988	0.497	0.094	14,ASTEI 1.988
ASTES	AGAMB	2	0.814	0.407	0.0	20,AGAMB 0.814
AQUAD	ACOLU	406	240.15	0.591502463054	0.182144325777	14,ACOLU 240.15
ACOLU	14	150	87.832	0.585546666667	0.186769326056	15,14 87.832
ACULI	ASTES	16	6.654	0.415875	0.104988615454	16,ASTES 6.654
AMINI	25	6	2.474	0.412333333333	0.143316278055	16,25 2.474
14	15	330	188.88	0.572363636364	0.209538340772	18,15 188.88
AMACU	AMERU	10	4.254	0.4254	0.112544391242	22,AMERU 4.254
AARAB	15	3062	2228.178	0.727687132593	0.220488779426	14,15 2228.178
20	21	2	0.762	0.381	0.0	22,21 0.762
AMINI	AARAB	8	3.098	0.38725	0.0616537711742	16,AARAB 3.098
18	15	2	0.718	0.359	0.0	19,15 0.718
AFUNE	20	4	2.536	0.634	0.025	17,20 2.536
AMACU	ACOLU	2	1.328	0.664	0.0	22,ACOLU 1.328
ACHRI	22	8	4.368	0.546	0.129446900311	23,22 4.368
ACULI	AFUNE	12	5.298	0.4415	0.0713132759964	16,AFUNE 5.298
ACHRI	14	6	2.808	0.468	0.127140342404	23,14 2.808
AMELA	ACOLU	132	72.462	0.548954545455	0.173181498051	18,ACOLU 72.462
AMINI	AFUNE	28	11.822	0.422214285714	0.17206443086	16,AFUNE 11.822
ACULI	ACHRI	4	1.346	0.3365	0.0225	16,ACHRI 1.346
ACULI	AMERU	6	2.992	0.498666666667	0.00664997911442	16,AMERU 2.992
AMACU	AMELA	6	3.052	0.508666666667	0.051279192228	22,AMELA 3.052
ASTEI	AMELA	2	0.998	0.499	0.0	20,AMELA 0.998
AMERU	AMACU	2	1.224	0.612	0.0	19,AMACU 1.224
ACULI	19	4	1.856	0.464	0.047	16,19 1.856
ACOLU	ASTEI	6	2.606	0.434333333333	0.14896382857	15,ASTEI 2.606
21	AMACU	4	1.978	0.4945	0.1365	23,AMACU 1.978
25	24	4	1.262	0.3155	0.0015	26,24 1.262
AMINI	ASTEI	6	3.166	0.527666666667	0.19879023003	16,ASTEI 3.166
17	ACHRI	2	0.686	0.343	0.0	24,ACHRI 0.686
15	AEPIR	2	0.664	0.332	0.0	21,AEPIR 0.664
AARAB	AGAMB	1128	677.062	0.600232269504	0.190786281663	14,AGAMB 677.062
AQUAD	AARAB	2	1.112	0.556	0.0	14,AARAB 1.112
AMINI	22	6	2.522	0.420333333333	0.0901307691943	16,22 2.522
AGAMB	AQUAD	310	168.668	0.544090322581	0.18129809236	15,AQUAD 168.668
AMERU	AARAB	44	19.404	0.441	0.0910369555331	19,AARAB 19.404
AARAB	AMACU	2	0.674	0.337	0.0	14,AMACU 0.674
15	ACULI	4	1.41	0.3525	0.0035	21,ACULI 1.41
AMERU	24	32	12.076	0.377375	0.0855678641489	19,24 12.076
ASTEI	14	8	3.73	0.46625	0.136444814852	20,14 3.73
AQUAD	AEPIR	36	14.63	0.406388888889	0.103579351701	14,AEPIR 14.63
21	AGAMB	2	0.7	0.35	0.0	23,AGAMB 0.7
21	24	44	18.734	0.425772727273	0.136626542017	23,24 18.734
ACOLU	AMERU	106	48.442	0.457	0.152824476949	15,AMERU 48.442
18	AEPIR	4	1.354	0.3385	0.0205	19,AEPIR 1.354
AMERU	AGAMB	32	15.856	0.4955	0.132786482746	19,AGAMB 15.856
AMELA	22	2	0.972	0.486	0.0	18,22 0.972
15	AARAB	404	203.548	0.503831683168	0.156371072336	21,AARAB 203.548
AFUNE	18	2	0.72	0.36	0.0	17,18 0.72
AFUNE	ACULI	14	5.982	0.427285714286	0.108254612948	17,ACULI 5.982
ACOLU	22	2	1.35	0.675	0.0	15,22 1.35
ACOLU	16	2	0.908	0.454	0.0	15,16 0.908
ASTEI	AMACU	24	13.676	0.569833333333	0.254947979443	20,AMACU 13.676
ACULI	15	2	0.688	0.344	0.0	16,15 0.688
AFUNE	AARAB	18	7.848	0.436	0.167143318409	17,AARAB 7.848
19	AARAB	48	19.226	0.400541666667	0.0949894639625	21,AARAB 19.226
ACHRI	AMACU	14	7.848	0.560571428571	0.219445311861	23,AMACU 7.848
AEPIR	24	72	25.906	0.359805555556	0.0524498805445	25,24 25.906
AFUNE	22	4	1.312	0.328	0.016	17,22 1.312
ACOLU	ASTES	2	0.836	0.418	0.0	15,ASTES 0.836
15	AMELA	32	14.352	0.4485	0.140214567717	21,AMELA 14.352
21	AMINI	2	0.832	0.416	0.0	23,AMINI 0.832
22	17	2	0.69	0.345	0.0	24,17 0.69
ASTEI	ACULI	22	8.21	0.373181818182	0.0792955555121	20,ACULI 8.21
AGAMB	AMACU	10	3.834	0.3834	0.082201216536	15,AMACU 3.834
ASTES	AMACU	8	4.09	0.51125	0.276075510504	20,AMACU 4.09
AQUAD	20	4	1.426	0.3565	0.0285	14,20 1.426
AFUNE	16	2	1.59	0.795	0.0	17,16 1.59
AQUAD	AMELA	18	8.574	0.476333333333	0.150544198014	14,AMELA 8.574
AEPIR	ACOLU	2	0.732	0.366	0.0	25,ACOLU 0.732
AEPIR	ASTEI	12	5.04	0.42	0.132285045766	25,ASTEI 5.04
14	ACOLU	110	54.268	0.493345454545	0.160611243598	18,ACOLU 54.268
15	AMERU	2	0.626	0.313	0.0	21,AMERU 0.626
AMACU	16	6	4.296	0.716	0.134434618557	22,16 4.296
15	22	2	0.64	0.32	0.0	21,22 0.64
AGAMB	ACHRI	8	3.398	0.42475	0.130859418843	15,ACHRI 3.398
ACHRI	AMELA	4	1.73	0.4325	0.1215	23,AMELA 1.73
AFUNE	ASTEI	4	2.66	0.665	0.149	17,ASTEI 2.66
ACHRI	AFUNE	2	0.642	0.321	0.0	23,AFUNE 0.642
AFUNE	ASTES	14	5.624	0.401714285714	0.0587627537177	17,ASTES 5.624
AMINI	AGAMB	2	1.078	0.539	0.0	16,AGAMB 1.078
AGAMB	19	14	6.04	0.431428571429	0.111233161991	15,19 6.04
ASTEI	16	2	0.662	0.331	0.0	20,16 0.662
AGAMB	ASTEI	2	1.216	0.608	0.0	15,ASTEI 1.216
24	25	76	26.16	0.344210526316	0.0380699894894	26,25 26.16
AQUAD	ACHRI	14	6.928	0.494857142857	0.131846695144	14,ACHRI 6.928
AMERU	15	6	1.942	0.323666666667	0.0299369708258	19,15 1.942
AGAMB	ACOLU	4	1.912	0.478	0.084	15,ACOLU 1.912
AEPIR	23	2	0.634	0.317	0.0	25,23 0.634
AFUNE	25	18	8.166	0.453666666667	0.0883226408623	17,25 8.166
AMELA	24	74	29.388	0.397135135135	0.0860361841421	18,24 29.388
ACHRI	AARAB	4	1.924	0.481	0.115	23,AARAB 1.924
ACULI	21	2	0.718	0.359	0.0	16,21 0.718
AQUAD	16	2	1.046	0.523	0.0	14,16 1.046
ACOLU	18	34	16.882	0.496529411765	0.172954981442	15,18 16.882
15	18	2	1.31	0.655	0.0	21,18 1.31
AMINI	20	8	4.114	0.51425	0.171977287745	16,20 4.114
AEPIR	19	32	10.2	0.31875	0.0287652133661	25,19 10.2
ACHRI	17	6	3.294	0.549	0.189203594046	23,17 3.294
20	25	52	23.034	0.442961538462	0.0850558552994	22,25 23.034
16	ASTEI	2	0.718	0.359	0.0	17,ASTEI 0.718
AARAB	ACOLU	1332	797.182	0.598484984985	0.18893464697	14,ACOLU 797.182
18	AQUAD	4	1.47	0.3675	0.0565	19,AQUAD 1.47
AEPIR	AMINI	4	2.078	0.5195	0.1035	25,AMINI 2.078
AEPIR	ACULI	4	1.34	0.335	0.019	25,ACULI 1.34
ACHRI	AGAMB	4	1.624	0.406	0.041	23,AGAMB 1.624
ACHRI	AEPIR	16	5.672	0.3545	0.0415962738716	23,AEPIR 5.672
16	ACOLU	2	0.936	0.468	0.0	17,ACOLU 0.936
19	AEPIR	2	0.68	0.34	0.0	21,AEPIR 0.68
ASTES	AFUNE	8	3.412	0.4265	0.0710510379938	20,AFUNE 3.412
ASTES	ASTEI	12	4.066	0.338833333333	0.0448680163244	20,ASTEI 4.066
24	ACHRI	12	4.274	0.356166666667	0.0273643117135	26,ACHRI 4.274
AGAMB	24	14	6.004	0.428857142857	0.164171886032	15,24 6.004
