#older	younger	score
21,14 16.644
15,14 53.318
17,22 1.178
23,24 220.284
18,15 46.648
16,14 1.104
16,25 3.93
20,17 1.55
15,18 9.366
16,22 4.51
19,17 1.154
17,23 1.178
20,17 1.34
16,20 1.392
15,19 3.972
22,19 4.696
14,24 1.284
14,15 505.044
20,25 1.398
23,14 30.468
17,25 1.248
15,14 59.3
16,25 1.23
18,15 123.642
14,15 1893.124
17,20 2.536
23,22 2.642
23,14 1.292
19,24 1.246
20,14 1.376
23,24 6.47
15,22 1.35
17,16 1.59
22,16 3.224
15,19 1.396
17,25 1.206
18,24 3.854
15,18 8.438
21,18 1.31
16,20 2.74
23,17 1.612
22,25 5.706
15,24 2.746
