#donor	receptor	nb	sum	mean	std	older,younger	score
15	14	26	16.644	0.640153846154	0.080647233873	21,14 16.644
AGAMB	14	74	53.318	0.720513513514	0.106267541413	15,14 53.318
AMINI	AMACU	2	1.416	0.708	0.0	16,AMACU 1.416
ACULI	AMACU	10	6.316	0.6316	0.122935104832	16,AMACU 6.316
16	22	2	1.178	0.589	0.0	17,22 1.178
AARAB	AFUNE	4	2.572	0.643	0.032	14,AFUNE 2.572
AARAB	ASTES	2	1.32	0.66	0.0	14,ASTES 1.32
ACULI	AMELA	2	1.662	0.831	0.0	16,AMELA 1.662
ASTEI	AFUNE	2	1.23	0.615	0.0	20,AFUNE 1.23
AMERU	AMELA	2	1.28	0.64	0.0	19,AMELA 1.28
ACULI	AARAB	2	1.538	0.769	0.0	16,AARAB 1.538
AMELA	AEPIR	4	2.49	0.6225	0.0645	18,AEPIR 2.49
21	AMELA	38	23.73	0.624473684211	0.0732237870619	23,AMELA 23.73
ASTEI	AEPIR	6	4.206	0.701	0.081767964387	20,AEPIR 4.206
AARAB	AMERU	38	29.464	0.775368421053	0.130993857038	14,AMERU 29.464
21	AQUAD	82	59.234	0.722365853659	0.0958450874341	23,AQUAD 59.234
ACHRI	ASTEI	6	3.89	0.648333333333	0.0915981562163	23,ASTEI 3.89
18	AGAMB	4	2.628	0.657	0.006	19,AGAMB 2.628
ACHRI	24	326	220.284	0.675717791411	0.0812785492421	23,24 220.284
AFUNE	AEPIR	6	4.018	0.669666666667	0.0846023377665	17,AEPIR 4.018
AMELA	15	66	46.648	0.706787878788	0.0949646688928	18,15 46.648
21	AEPIR	2	1.232	0.616	0.0	23,AEPIR 1.232
ACOLU	AMELA	60	42.148	0.702466666667	0.112489624213	15,AMELA 42.148
ACOLU	AARAB	562	425.51	0.757135231317	0.102746948612	15,AARAB 425.51
ACOLU	AEPIR	2	1.952	0.976	0.0	15,AEPIR 1.952
AQUAD	AMERU	144	103.078	0.715819444444	0.116220136712	14,AMERU 103.078
ACULI	14	2	1.104	0.552	0.0	16,14 1.104
ACOLU	ACULI	4	2.52	0.63	0.061	15,ACULI 2.52
ACULI	25	6	3.93	0.655	0.0442944691807	16,25 3.93
ASTES	17	2	1.55	0.775	0.0	20,17 1.55
AMINI	ASTES	2	1.106	0.553	0.0	16,ASTES 1.106
16	AMACU	4	2.454	0.6135	0.0485	17,AMACU 2.454
AGAMB	AARAB	618	472.506	0.764572815534	0.108503256504	15,AARAB 472.506
AMACU	ASTEI	8	5.05	0.63125	0.0270127284812	22,ASTEI 5.05
14	AGAMB	46	33.382	0.725695652174	0.11219913771	18,AGAMB 33.382
AEPIR	AARAB	2	1.244	0.622	0.0	25,AARAB 1.244
ASTES	AMINI	2	1.624	0.812	0.0	20,AMINI 1.624
AGAMB	AMELA	36	26.38	0.732777777778	0.108331566937	15,AMELA 26.38
21	ACULI	2	1.188	0.594	0.0	23,ACULI 1.188
AGAMB	18	14	9.366	0.669	0.0783417422032	15,18 9.366
ACHRI	AQUAD	2	1.114	0.557	0.0	23,AQUAD 1.114
AARAB	AEPIR	6	3.94	0.656666666667	0.0653928300521	14,AEPIR 3.94
AMELA	AMACU	2	1.416	0.708	0.0	18,AMACU 1.416
AMINI	AEPIR	2	1.802	0.901	0.0	16,AEPIR 1.802
ACOLU	AQUAD	88	64.35	0.73125	0.115352449042	15,AQUAD 64.35
ACULI	22	6	4.51	0.751666666667	0.105758635056	16,22 4.51
AQUAD	AGAMB	342	248.438	0.726426900585	0.108635983082	14,AGAMB 248.438
ACULI	ACOLU	2	1.5	0.75	0.0	16,ACOLU 1.5
AMERU	ACOLU	12	7.396	0.616333333333	0.0726261354855	19,ACOLU 7.396
AGAMB	ACULI	2	1.19	0.595	0.0	15,ACULI 1.19
AMACU	ACULI	10	6.7	0.67	0.0692531587727	22,ACULI 6.7
ASTEI	ACHRI	2	1.662	0.831	0.0	20,ACHRI 1.662
ACOLU	AMACU	2	1.584	0.792	0.0	15,AMACU 1.584
AFUNE	ACHRI	2	1.564	0.782	0.0	17,ACHRI 1.564
AMERU	17	2	1.154	0.577	0.0	19,17 1.154
AGAMB	ASTES	2	1.232	0.616	0.0	15,ASTES 1.232
AARAB	AMELA	2	1.172	0.586	0.0	14,AMELA 1.172
ASTEI	AMINI	2	1.522	0.761	0.0	20,AMINI 1.522
16	23	2	1.178	0.589	0.0	17,23 1.178
ASTES	AQUAD	2	1.468	0.734	0.0	20,AQUAD 1.468
AMELA	AMERU	2	1.642	0.821	0.0	18,AMERU 1.642
AMACU	ACHRI	2	1.364	0.682	0.0	22,ACHRI 1.364
ASTEI	17	2	1.34	0.67	0.0	20,17 1.34
ASTEI	AQUAD	2	1.532	0.766	0.0	20,AQUAD 1.532
AMACU	AGAMB	2	1.178	0.589	0.0	22,AGAMB 1.178
AGAMB	AMERU	22	16.564	0.752909090909	0.0860765563537	15,AMERU 16.564
21	AARAB	46	32.138	0.698652173913	0.111694695953	23,AARAB 32.138
ACULI	20	2	1.392	0.696	0.0	16,20 1.392
ACOLU	AGAMB	2	1.34	0.67	0.0	15,AGAMB 1.34
22	ASTES	2	1.23	0.615	0.0	24,ASTES 1.23
ACOLU	19	6	3.972	0.662	0.0509116882454	15,19 3.972
20	19	6	4.696	0.782666666667	0.0563106463192	22,19 4.696
15	AQUAD	44	29.992	0.681636363636	0.0871923398713	21,AQUAD 29.992
AEPIR	AFUNE	2	1.488	0.744	0.0	25,AFUNE 1.488
AGAMB	AEPIR	6	4.0	0.666666666667	0.0417957998953	15,AEPIR 4.0
AQUAD	24	2	1.284	0.642	0.0	14,24 1.284
19	AQUAD	12	7.422	0.6185	0.0377701381164	21,AQUAD 7.422
AMACU	AMINI	2	1.102	0.551	0.0	22,AMINI 1.102
AMELA	ACHRI	4	2.578	0.6445	0.0895	18,ACHRI 2.578
22	AMERU	2	1.32	0.66	0.0	24,AMERU 1.32
AQUAD	15	618	505.044	0.817223300971	0.127085599064	14,15 505.044
AMELA	AGAMB	56	41.132	0.7345	0.103596228558	18,AGAMB 41.132
AFUNE	AMACU	2	1.408	0.704	0.0	17,AMACU 1.408
ASTEI	25	2	1.398	0.699	0.0	20,25 1.398
21	14	44	30.468	0.692454545455	0.0861076109363	23,14 30.468
16	25	2	1.248	0.624	0.0	17,25 1.248
AMERU	AQUAD	80	50.494	0.631175	0.0728189149535	19,AQUAD 50.494
AQUAD	ASTEI	2	1.182	0.591	0.0	14,ASTEI 1.182
AQUAD	ACOLU	226	164.468	0.727734513274	0.114812430157	14,ACOLU 164.468
ACOLU	14	80	59.3	0.74125	0.0988376825912	15,14 59.3
ACULI	ASTES	2	1.24	0.62	0.0	16,ASTES 1.24
AMINI	25	2	1.23	0.615	0.0	16,25 1.23
14	15	162	123.642	0.763222222222	0.114843532848	18,15 123.642
AMACU	AMERU	2	1.164	0.582	0.0	22,AMERU 1.164
AARAB	15	2252	1893.124	0.840641207815	0.126451182136	14,15 1893.124
AFUNE	20	4	2.536	0.634	0.025	17,20 2.536
AMACU	ACOLU	2	1.328	0.664	0.0	22,ACOLU 1.328
ACHRI	22	4	2.642	0.6605	0.0285	23,22 2.642
ACHRI	14	2	1.292	0.646	0.0	23,14 1.292
AMELA	ACOLU	60	42.986	0.716433333333	0.101599108701	18,ACOLU 42.986
AMINI	AFUNE	4	3.252	0.813	0.085	16,AFUNE 3.252
AMACU	AMELA	2	1.162	0.581	0.0	22,AMELA 1.162
AMERU	AMACU	2	1.224	0.612	0.0	19,AMACU 1.224
ACOLU	ASTEI	2	1.29	0.645	0.0	15,ASTEI 1.29
21	AMACU	2	1.262	0.631	0.0	23,AMACU 1.262
AMINI	ASTEI	2	1.574	0.787	0.0	16,ASTEI 1.574
AARAB	AGAMB	634	472.016	0.744504731861	0.114960770197	14,AGAMB 472.016
AQUAD	AARAB	2	1.112	0.556	0.0	14,AARAB 1.112
AGAMB	AQUAD	148	105.148	0.710459459459	0.103388298411	15,AQUAD 105.148
AMERU	AARAB	4	2.48	0.62	0.023	19,AARAB 2.48
AMERU	24	2	1.246	0.623	0.0	19,24 1.246
ASTEI	14	2	1.376	0.688	0.0	20,14 1.376
AQUAD	AEPIR	2	1.382	0.691	0.0	14,AEPIR 1.382
21	24	10	6.47	0.647	0.0545087148995	23,24 6.47
ACOLU	AMERU	26	18.114	0.696692307692	0.0902819384061	15,AMERU 18.114
AMERU	AGAMB	12	7.712	0.642666666667	0.0319513519102	19,AGAMB 7.712
15	AARAB	144	97.948	0.680194444444	0.103900678921	21,AARAB 97.948
AFUNE	ACULI	4	2.372	0.593	0.005	17,ACULI 2.372
ACOLU	22	2	1.35	0.675	0.0	15,22 1.35
ASTEI	AMACU	8	7.346	0.91825	0.0424109360896	20,AMACU 7.346
AFUNE	AARAB	6	3.958	0.659666666667	0.0839854484751	17,AARAB 3.958
19	AARAB	6	3.52	0.586666666667	0.0251970015853	21,AARAB 3.52
ACHRI	AMACU	8	5.904	0.738	0.103198837203	23,AMACU 5.904
15	AMELA	6	4.064	0.677333333333	0.129949562865	21,AMELA 4.064
ASTES	AMACU	2	1.976	0.988	0.0	20,AMACU 1.976
AFUNE	16	2	1.59	0.795	0.0	17,16 1.59
AQUAD	AMELA	6	4.004	0.667333333333	0.0961607450517	14,AMELA 4.004
AEPIR	ASTEI	2	1.378	0.689	0.0	25,ASTEI 1.378
14	ACOLU	38	26.01	0.684473684211	0.105164216658	18,ACOLU 26.01
AMACU	16	4	3.224	0.806	0.053	22,16 3.224
AGAMB	ACHRI	2	1.29	0.645	0.0	15,ACHRI 1.29
ACHRI	AMELA	2	1.108	0.554	0.0	23,AMELA 1.108
AFUNE	ASTEI	2	1.628	0.814	0.0	17,ASTEI 1.628
AGAMB	19	2	1.396	0.698	0.0	15,19 1.396
AGAMB	ASTEI	2	1.216	0.608	0.0	15,ASTEI 1.216
AQUAD	ACHRI	4	2.668	0.667	0.031	14,ACHRI 2.668
AGAMB	ACOLU	2	1.124	0.562	0.0	15,ACOLU 1.124
AFUNE	25	2	1.206	0.603	0.0	17,25 1.206
AMELA	24	6	3.854	0.642333333333	0.0436068292307	18,24 3.854
ACHRI	AARAB	2	1.192	0.596	0.0	23,AARAB 1.192
ACOLU	18	12	8.438	0.703166666667	0.0918756708214	15,18 8.438
15	18	2	1.31	0.655	0.0	21,18 1.31
AMINI	20	4	2.74	0.685	0.017	16,20 2.74
ACHRI	17	2	1.612	0.806	0.0	23,17 1.612
20	25	10	5.706	0.5706	0.0104422219858	22,25 5.706
AARAB	ACOLU	730	545.424	0.747156164384	0.108908986744	14,ACOLU 545.424
AEPIR	AMINI	2	1.246	0.623	0.0	25,AMINI 1.246
AGAMB	24	4	2.746	0.6865	0.0005	15,24 2.746
