#donor	receptor	nb	sum	mean	std	older,younger	score
15	14	40	23.518	0.58795	0.0974994743576	21,14 23.518
AGAMB	14	104	68.766	0.661211538462	0.130224559975	15,14 68.766
AGAMB	AMINI	4	1.974	0.4935	0.0175	15,AMINI 1.974
20	AGAMB	2	0.924	0.462	0.0	22,AGAMB 0.924
AMINI	AMACU	2	1.416	0.708	0.0	16,AMACU 1.416
ACULI	AMACU	18	10.156	0.564222222222	0.119047868783	16,AMACU 10.156
16	22	2	1.178	0.589	0.0	17,22 1.178
AARAB	AFUNE	6	3.578	0.596333333333	0.0709804354891	14,AFUNE 3.578
AARAB	ASTES	2	1.32	0.66	0.0	14,ASTES 1.32
ACULI	AMELA	6	3.718	0.619666666667	0.150610609041	16,AMELA 3.718
AARAB	24	8	3.97	0.49625	0.0276981497577	14,24 3.97
ASTEI	AFUNE	4	2.18	0.545	0.07	20,AFUNE 2.18
AMERU	ACULI	2	1.03	0.515	0.0	19,ACULI 1.03
AMERU	AMELA	6	3.296	0.549333333333	0.067534353398	19,AMELA 3.296
ACULI	AARAB	2	1.538	0.769	0.0	16,AARAB 1.538
AMELA	AEPIR	4	2.49	0.6225	0.0645	18,AEPIR 2.49
21	AMELA	68	38.994	0.573441176471	0.0812046040337	23,AMELA 38.994
20	AMINI	2	1.02	0.51	0.0	22,AMINI 1.02
ASTEI	AEPIR	6	4.206	0.701	0.081767964387	20,AEPIR 4.206
AARAB	AMERU	52	36.408	0.700153846154	0.167773128019	14,AMERU 36.408
21	AQUAD	122	79.042	0.647885245902	0.133439751047	23,AQUAD 79.042
ACHRI	ASTEI	14	7.806	0.557571428571	0.101570323482	23,ASTEI 7.806
18	AGAMB	14	7.576	0.541142857143	0.0764823575762	19,AGAMB 7.576
ACHRI	24	498	304.308	0.611060240964	0.111975687557	23,24 304.308
AGAMB	AFUNE	2	0.942	0.471	0.0	15,AFUNE 0.942
AARAB	ACULI	2	0.992	0.496	0.0	14,ACULI 0.992
AFUNE	AEPIR	10	5.966	0.5966	0.110924478813	17,AEPIR 5.966
AMELA	15	106	67.042	0.632471698113	0.122495375927	18,15 67.042
21	AEPIR	4	2.166	0.5415	0.0745	23,AEPIR 2.166
AGAMB	22	2	1.072	0.536	0.0	15,22 1.072
ACOLU	AMELA	90	56.782	0.630911111111	0.137295273403	15,AMELA 56.782
AFUNE	AQUAD	4	1.902	0.4755	0.0255	17,AQUAD 1.902
ACOLU	AARAB	714	500.678	0.701229691877	0.141543543451	15,AARAB 500.678
ACOLU	AMINI	2	1.05	0.525	0.0	15,AMINI 1.05
AMINI	14	2	0.914	0.457	0.0	16,14 0.914
ACOLU	AEPIR	2	1.952	0.976	0.0	15,AEPIR 1.952
AQUAD	AMERU	212	137.084	0.646622641509	0.139679312823	14,AMERU 137.084
ACULI	14	6	3.22	0.536666666667	0.0157550697308	16,14 3.22
ACOLU	ACULI	4	2.52	0.63	0.061	15,ACULI 2.52
ACULI	25	6	3.93	0.655	0.0442944691807	16,25 3.93
ASTES	17	2	1.55	0.775	0.0	20,17 1.55
AMINI	ASTES	6	3.104	0.517333333333	0.0343155293643	16,ASTES 3.104
16	AMACU	4	2.454	0.6135	0.0485	17,AMACU 2.454
AGAMB	AARAB	754	540.196	0.716440318302	0.142508773122	15,AARAB 540.196
AMACU	ASTEI	12	6.968	0.580666666667	0.0748724841907	22,ASTEI 6.968
AFUNE	AMINI	4	1.994	0.4985	0.0175	17,AMINI 1.994
14	AGAMB	66	43.264	0.655515151515	0.142643892521	18,AGAMB 43.264
AMACU	17	2	0.954	0.477	0.0	22,17 0.954
AMINI	AMERU	2	0.948	0.474	0.0	16,AMERU 0.948
AEPIR	AARAB	6	3.258	0.543	0.0569385633819	25,AARAB 3.258
ASTES	AMINI	2	1.624	0.812	0.0	20,AMINI 1.624
AGAMB	AMELA	50	33.166	0.66332	0.145349157548	15,AMELA 33.166
21	ACULI	2	1.188	0.594	0.0	23,ACULI 1.188
AGAMB	18	22	13.562	0.616454545455	0.0939916472463	15,18 13.562
ACHRI	AQUAD	2	1.114	0.557	0.0	23,AQUAD 1.114
AARAB	AEPIR	6	3.94	0.656666666667	0.0653928300521	14,AEPIR 3.94
AMELA	AMACU	2	1.416	0.708	0.0	18,AMACU 1.416
ACULI	AEPIR	2	0.944	0.472	0.0	16,AEPIR 0.944
AMINI	AEPIR	2	1.802	0.901	0.0	16,AEPIR 1.802
ACOLU	AQUAD	122	81.208	0.665639344262	0.144964894878	15,AQUAD 81.208
ACULI	22	10	6.4	0.64	0.159421454014	16,22 6.4
AQUAD	AGAMB	438	296.628	0.677232876712	0.134254394982	14,AGAMB 296.628
ACULI	ACOLU	4	2.562	0.6405	0.1095	16,ACOLU 2.562
17	AMACU	2	0.904	0.452	0.0	24,AMACU 0.904
AMERU	ACOLU	28	15.224	0.543714285714	0.0815277591389	19,ACOLU 15.224
AGAMB	ACULI	8	4.184	0.523	0.0425734659148	15,ACULI 4.184
AMACU	ACULI	22	12.602	0.572818181818	0.102655485778	22,ACULI 12.602
AMERU	ASTEI	2	1.078	0.539	0.0	19,ASTEI 1.078
ASTEI	ACHRI	4	2.672	0.668	0.163	20,ACHRI 2.672
ACOLU	AMACU	4	2.546	0.6365	0.1555	15,AMACU 2.546
AFUNE	ACHRI	2	1.564	0.782	0.0	17,ACHRI 1.564
AMERU	17	2	1.154	0.577	0.0	19,17 1.154
AGAMB	ASTES	2	1.232	0.616	0.0	15,ASTES 1.232
AEPIR	AMERU	2	0.962	0.481	0.0	25,AMERU 0.962
AARAB	AMELA	4	2.2	0.55	0.036	14,AMELA 2.2
ASTEI	AMINI	2	1.522	0.761	0.0	20,AMINI 1.522
16	23	4	2.216	0.554	0.035	17,23 2.216
ASTES	AQUAD	2	1.468	0.734	0.0	20,AQUAD 1.468
AMELA	AMERU	4	2.622	0.6555	0.1655	18,AMERU 2.622
AMACU	ACHRI	4	2.276	0.569	0.113	22,ACHRI 2.276
ASTEI	17	2	1.34	0.67	0.0	20,17 1.34
ASTEI	AQUAD	2	1.532	0.766	0.0	20,AQUAD 1.532
AMACU	AGAMB	2	1.178	0.589	0.0	22,AGAMB 1.178
AMACU	21	2	0.972	0.486	0.0	22,21 0.972
AGAMB	AMERU	24	17.498	0.729083333333	0.114175638334	15,AMERU 17.498
14	AEPIR	6	2.872	0.478666666667	0.0130213499897	18,AEPIR 2.872
AEPIR	20	2	1.098	0.549	0.0	25,20 1.098
ACHRI	ACULI	2	1.096	0.548	0.0	23,ACULI 1.096
21	AARAB	76	47.724	0.627947368421	0.124141885584	23,AARAB 47.724
ACULI	20	2	1.392	0.696	0.0	16,20 1.392
ACOLU	AGAMB	2	1.34	0.67	0.0	15,AGAMB 1.34
22	ASTES	2	1.23	0.615	0.0	24,ASTES 1.23
18	ACOLU	4	2.024	0.506	0.021	19,ACOLU 2.024
ACOLU	19	10	5.794	0.5794	0.108579187693	15,19 5.794
20	19	6	4.696	0.782666666667	0.0563106463192	22,19 4.696
AEPIR	18	8	3.744	0.468	0.00935414346693	25,18 3.744
15	AQUAD	68	41.598	0.611735294118	0.118483632234	21,AQUAD 41.598
AEPIR	AFUNE	2	1.488	0.744	0.0	25,AFUNE 1.488
AMACU	AEPIR	2	1.0	0.5	0.0	22,AEPIR 1.0
AGAMB	AEPIR	8	4.94	0.6175	0.0925324267487	15,AEPIR 4.94
AQUAD	24	8	4.272	0.534	0.063154572281	14,24 4.272
19	AQUAD	18	10.376	0.576444444444	0.0676052448838	21,AQUAD 10.376
AMACU	AMINI	2	1.102	0.551	0.0	22,AMINI 1.102
AMELA	ACHRI	6	3.572	0.595333333333	0.10087065425	18,ACHRI 3.572
22	AMERU	2	1.32	0.66	0.0	24,AMERU 1.32
AMELA	AFUNE	2	0.974	0.487	0.0	18,AFUNE 0.974
AEPIR	AQUAD	4	2.036	0.509	0.029	25,AQUAD 2.036
ASTEI	ACOLU	2	1.018	0.509	0.0	20,ACOLU 1.018
AQUAD	15	706	548.92	0.777507082153	0.159169660514	14,15 548.92
AMELA	AGAMB	80	52.97	0.662125	0.141406008978	18,AGAMB 52.97
AFUNE	AMACU	4	2.346	0.5865	0.1175	17,AMACU 2.346
17	ASTEI	2	0.94	0.47	0.0	24,ASTEI 0.94
ASTEI	25	2	1.398	0.699	0.0	20,25 1.398
21	14	60	38.478	0.6413	0.11390760876	23,14 38.478
AMACU	ASTES	2	1.092	0.546	0.0	22,ASTES 1.092
AEPIR	14	4	2.09	0.5225	0.0225	25,14 2.09
16	25	4	2.314	0.5785	0.0455	17,25 2.314
AMERU	AQUAD	162	91.518	0.564925925926	0.0852751216058	19,AQUAD 91.518
AQUAD	ASTEI	2	1.182	0.591	0.0	14,ASTEI 1.182
AQUAD	ACOLU	290	196.684	0.678220689655	0.138321388326	14,ACOLU 196.684
ACOLU	14	102	70.054	0.686803921569	0.136262868737	15,14 70.054
ACULI	ASTES	4	2.296	0.574	0.046	16,ASTES 2.296
AMINI	25	2	1.23	0.615	0.0	16,25 1.23
14	15	196	140.6	0.717346938776	0.145220950732	18,15 140.6
AMACU	AMERU	4	2.214	0.5535	0.0285	22,AMERU 2.214
AARAB	15	2536	2034.194	0.802126971609	0.161407879592	14,15 2034.194
AMINI	AARAB	2	0.986	0.493	0.0	16,AARAB 0.986
AFUNE	20	4	2.536	0.634	0.025	17,20 2.536
AMACU	ACOLU	2	1.328	0.664	0.0	22,ACOLU 1.328
ACHRI	22	6	3.666	0.611	0.073769912566	23,22 3.666
ACULI	AFUNE	6	3.01	0.501666666667	0.00974109279747	16,AFUNE 3.01
ACHRI	14	2	1.292	0.646	0.0	23,14 1.292
AMELA	ACOLU	80	52.726	0.659075	0.133409592515	18,ACOLU 52.726
AMINI	AFUNE	6	4.288	0.714666666667	0.155420576358	16,AFUNE 4.288
ACULI	AMERU	6	2.992	0.498666666667	0.00664997911442	16,AMERU 2.992
AMACU	AMELA	6	3.052	0.508666666667	0.051279192228	22,AMELA 3.052
ASTEI	AMELA	2	0.998	0.499	0.0	20,AMELA 0.998
AMERU	AMACU	2	1.224	0.612	0.0	19,AMACU 1.224
ACULI	19	2	1.022	0.511	0.0	16,19 1.022
ACOLU	ASTEI	2	1.29	0.645	0.0	15,ASTEI 1.29
21	AMACU	2	1.262	0.631	0.0	23,AMACU 1.262
AMINI	ASTEI	4	2.558	0.6395	0.1475	16,ASTEI 2.558
AARAB	AGAMB	808	558.616	0.691356435644	0.144227377151	14,AGAMB 558.616
AQUAD	AARAB	2	1.112	0.556	0.0	14,AARAB 1.112
AMINI	22	2	1.09	0.545	0.0	16,22 1.09
AGAMB	AQUAD	180	121.302	0.6739	0.122950762503	15,AQUAD 121.302
AMERU	AARAB	20	10.53	0.5265	0.0525209482016	19,AARAB 10.53
AMERU	24	6	3.206	0.534333333333	0.0632262252199	19,24 3.206
ASTEI	14	4	2.3	0.575	0.113	20,14 2.3
AQUAD	AEPIR	10	5.57	0.557	0.0693483957998	14,AEPIR 5.57
21	24	16	9.472	0.592	0.0861002322877	23,24 9.472
ACOLU	AMERU	38	23.96	0.630526315789	0.123417293176	15,AMERU 23.96
AMERU	AGAMB	18	10.77	0.598333333333	0.0689057327078	19,AGAMB 10.77
AMELA	22	2	0.972	0.486	0.0	18,22 0.972
15	AARAB	224	137.954	0.615866071429	0.121151948243	21,AARAB 137.954
AFUNE	ACULI	4	2.372	0.593	0.005	17,ACULI 2.372
ACOLU	22	2	1.35	0.675	0.0	15,22 1.35
ACOLU	16	2	0.908	0.454	0.0	15,16 0.908
ASTEI	AMACU	12	9.368	0.780666666667	0.197887734727	20,AMACU 9.368
AFUNE	AARAB	6	3.958	0.659666666667	0.0839854484751	17,AARAB 3.958
19	AARAB	12	6.64	0.553333333333	0.0404337592723	21,AARAB 6.64
ACHRI	AMACU	8	5.904	0.738	0.103198837203	23,AMACU 5.904
AEPIR	24	6	2.962	0.493666666667	0.0138884444373	25,24 2.962
15	AMELA	12	7.096	0.591333333333	0.128072462128	21,AMELA 7.096
ASTEI	ACULI	6	3.002	0.500333333333	0.016213848676	20,ACULI 3.002
AGAMB	AMACU	2	1.094	0.547	0.0	15,AMACU 1.094
ASTES	AMACU	2	1.976	0.988	0.0	20,AMACU 1.976
AFUNE	16	2	1.59	0.795	0.0	17,16 1.59
AQUAD	AMELA	6	4.004	0.667333333333	0.0961607450517	14,AMELA 4.004
AEPIR	ASTEI	4	2.322	0.5805	0.1085	25,ASTEI 2.322
14	ACOLU	52	32.73	0.629423076923	0.128591832818	18,ACOLU 32.73
AMACU	16	6	4.296	0.716	0.134434618557	22,16 4.296
AGAMB	ACHRI	2	1.29	0.645	0.0	15,ACHRI 1.29
ACHRI	AMELA	2	1.108	0.554	0.0	23,AMELA 1.108
AFUNE	ASTEI	4	2.66	0.665	0.149	17,ASTEI 2.66
AFUNE	ASTES	4	1.936	0.484	0.031	17,ASTES 1.936
AMINI	AGAMB	2	1.078	0.539	0.0	16,AGAMB 1.078
AGAMB	19	2	1.396	0.698	0.0	15,19 1.396
AGAMB	ASTEI	2	1.216	0.608	0.0	15,ASTEI 1.216
24	25	2	0.918	0.459	0.0	26,25 0.918
AQUAD	ACHRI	8	4.754	0.59425	0.0774866924059	14,ACHRI 4.754
AGAMB	ACOLU	2	1.124	0.562	0.0	15,ACOLU 1.124
AFUNE	25	10	5.206	0.5206	0.0480940744791	17,25 5.206
AMELA	24	10	5.738	0.5738	0.0904862420482	18,24 5.738
ACHRI	AARAB	2	1.192	0.596	0.0	23,AARAB 1.192
AQUAD	16	2	1.046	0.523	0.0	14,16 1.046
ACOLU	18	16	10.536	0.6585	0.111012386696	15,18 10.536
15	18	2	1.31	0.655	0.0	21,18 1.31
AMINI	20	4	2.74	0.685	0.017	16,20 2.74
ACHRI	17	4	2.582	0.6455	0.1605	23,17 2.582
20	25	24	12.532	0.522166666667	0.0457799689335	22,25 12.532
AARAB	ACOLU	946	653.604	0.690913319239	0.141477864502	14,ACOLU 653.604
AEPIR	AMINI	2	1.246	0.623	0.0	25,AMINI 1.246
16	ACOLU	2	0.936	0.468	0.0	17,ACOLU 0.936
ASTES	AFUNE	2	1.014	0.507	0.0	20,AFUNE 1.014
AGAMB	24	4	2.746	0.6865	0.0005	15,24 2.746
