#older	younger	score
21,14 23.518
15,14 68.766
17,22 1.178
14,24 3.97
23,24 304.308
18,15 67.042
15,22 1.072
16,14 0.914
16,14 3.22
16,25 3.93
20,17 1.55
22,17 0.954
15,18 13.562
16,22 6.4
19,17 1.154
17,23 2.216
20,17 1.34
22,21 0.972
25,20 1.098
16,20 1.392
15,19 5.794
22,19 4.696
25,18 3.744
14,24 4.272
14,15 548.92
20,25 1.398
23,14 38.478
25,14 2.09
17,25 2.314
15,14 70.054
16,25 1.23
18,15 140.6
14,15 2034.194
17,20 2.536
23,22 3.666
23,14 1.292
16,19 1.022
16,22 1.09
19,24 3.206
20,14 2.3
23,24 9.472
18,22 0.972
15,22 1.35
15,16 0.908
25,24 2.962
17,16 1.59
22,16 4.296
15,19 1.396
26,25 0.918
17,25 5.206
18,24 5.738
14,16 1.046
15,18 10.536
21,18 1.31
16,20 2.74
23,17 2.582
22,25 12.532
15,24 2.746
